0
0.393700787
0.787401575
1.181102362
1.57480315
1.968503937
2.362204724
2.755905512
3.149606299
3.543307087
3.937007874
4.330708661
4.724409449
5.118110236
5.511811024
5.905511811
6.299212598
6.692913386
7.086614173
7.480314961
7.874015748
8.267716535
8.661417323
9.05511811
9.448818898
9.842519685
10.23622047
10.62992126
11.02362205
11.41732283
11.81102362
12.20472441
12.5984252
12.99212598
13.38582677
13.77952756
14.17322835
14.56692913
14.96062992
15.35433071
15.7480315
16.14173228
16.53543307
16.92913386
17.32283465
17.71653543
18.11023622
18.50393701
18.8976378
19.29133858
19.68503937
20.07874016
20.47244094
20.86614173
21.25984252
21.65354331
22.04724409
22.44094488
22.83464567
23.22834646
23.62204724
24.01574803
24.40944882
24.80314961
25.19685039
25.59055118
25.98425197
26.37795276
26.77165354
27.16535433
27.55905512
27.95275591
28.34645669
28.74015748
29.13385827
29.52755906
29.92125984
30.31496063
30.70866142
31.1023622
31.49606299
31.88976378
32.28346457
32.67716535
33.07086614
33.46456693
33.85826772
34.2519685
34.64566929
35.03937008
35.43307087
35.82677165
36.22047244
36.61417323
37.00787402
37.4015748
37.79527559
38.18897638
38.58267717
38.97637795
39.37007874
39.76377953
40.15748031
40.5511811
40.94488189
41.33858268
41.73228346
42.12598425
42.51968504
42.91338583
43.30708661
43.7007874
44.09448819
44.48818898
44.88188976
45.27559055
45.66929134
46.06299213
46.45669291
46.8503937
47.24409449
47.63779528
48.03149606
48.42519685
48.81889764
49.21259843
49.60629921
50.0000000
50.39370079
50.78740157
51.18110236
51.57480315
51.96850394
52.36220472
52.75590551
53.1496063
53.54330709
53.93700787
54.33070866
54.72440945
55.11811024
55.51181102
55.90551181
56.2992126
56.69291339
57.08661417
57.48031496
57.87401575
58.26771654
58.66141732
59.05511811
59.4488189
59.84251969
60.23622047
60.62992126
61.02362205
61.41732283
61.81102362
62.20472441
62.5984252
62.99212598
63.38582677
63.77952756
64.17322835
64.56692913
64.96062992
65.35433071
65.7480315
66.14173228
66.53543307
66.92913386
67.32283465
67.71653543
68.11023622
68.50393701
68.8976378
69.29133858
69.68503937
70.07874016
70.47244094
70.86614173
71.25984252
71.65354331
72.04724409
72.44094488
72.83464567
73.22834646
73.62204724
74.01574803
74.40944882
74.80314961
75.19685039
75.59055118
75.98425197
76.37795276
76.77165354
77.16535433
77.55905512
77.95275591
78.34645669
78.74015748
79.13385827
79.52755906
79.92125984
80.31496063
80.70866142
81.1023622
81.49606299
81.88976378
82.28346457
82.67716535
83.07086614
83.46456693
83.85826772
84.2519685
84.64566929
85.03937008
85.43307087
85.82677165
86.22047244
86.61417323
87.00787402
87.4015748
87.79527559
88.18897638
88.58267717
88.97637795
89.37007874
89.76377953
90.15748031
90.5511811
90.94488189
91.33858268
91.73228346
92.12598425
92.51968504
92.91338583
93.30708661
93.7007874
94.09448819
94.48818898
94.88188976
95.27559055
95.66929134
96.06299213
96.45669291
96.8503937
97.24409449
97.63779528
98.03149606
98.42519685
98.81889764
99.21259843
99.60629921
100.000000
0
