Ver2.41 Observed   Ref Time    Tbeg  Tend   RAinf  +/-  DECinf  +/-    Vinf  +/-     Acc1   +/-     Acc2   +/-    LatBeg   +/-     LonBeg   +/-    Hbeg  +/-    LatEnd   +/-     LonEnd   +/-    Hend  +/-    Conv S-Azim ZenAng  Hmax Max-mV Int-mV F-skew  Cameras
Number    Date        UT        sec   sec     deg sigma    deg sigma km/sec sigma          sigma          sigma   +N deg  sigma    +E deg  sigma     km sigma   +N deg  sigma    +E deg  sigma     km sigma    deg +W deg    deg    km    mag    mag Hratio  Contributing
------ ---------- ----------- ----- ----- ------- ----- ------ ----- ------ ----- ------- ------ ------- ------ -------- ------ --------- ------ ------ ----- -------- ------ --------- ------ ------ ----- ------ ------ ------ ----- ------ ------ ------  ---------------------------
00001  2022-04-27 20:09:15.34 -0.13  0.39  184.51  0.02 -14.48  0.06  17.78  0.02   0.000  0.000  30.356  0.286  51.8561 0.0001    6.8621 0.0001  82.28  0.01  51.9266 0.0002    6.8198 0.0001  78.94  0.01   57.3  339.6   68.6  80.5    1.3   -0.9   0.55  _003167_003800
00002  2022-04-27 20:11:46.59  0.00  0.41  197.16  0.20  35.91  0.21  17.29  0.05   3.313  0.009   0.146  0.013  50.4415 0.0001    4.9388 0.0001  82.74  0.02  50.4505 0.0001    4.8960 0.0001  76.68  0.02   54.6  288.2   28.1  80.9    2.5    1.4   0.31  _000815_003837_003814
00003  2022-04-27 20:13:31.80 -0.32  0.84  139.49  0.11  49.96  0.08  15.72  0.04   0.873  0.034   1.374  0.029  50.2468 0.0002    3.9496 0.0008  85.01  0.05  50.2415 0.0003    4.0073 0.0010  69.46  0.04   82.2   98.1   15.1  72.2    2.7   -0.8   0.83  _003821_000814_003892_003892
00004  2022-04-27 20:15:09.66  0.00  0.47  146.13  0.48  49.43  0.22  11.70  0.08   0.000  0.001   8.323  0.863  50.3202 0.0012    4.5292 0.0021  76.80  0.18  50.3198 0.0013    4.5446 0.0023  71.39  0.18   28.6   92.6   11.6  74.9    3.2    1.2   0.34  _003817_003893
00005  2022-04-27 20:16:14.78  0.00  0.26  125.43  1.75  49.19  1.02  14.40  0.31   0.240  0.018   3.799  0.235  53.0801 0.0003    7.7574 0.0003  79.33  0.04  53.0781 0.0005    7.7789 0.0005  76.35  0.06   29.5   98.8   26.4  76.8    2.9    1.7   0.86  _003100_003801
00006  2022-04-27 20:16:21.28  0.00  0.52  227.54  0.11  51.30  0.07  23.22  0.05   0.001  0.000  10.393  0.541  51.5255 0.0001    4.5145 0.0001  88.80  0.02  51.4977 0.0001    4.4206 0.0004  79.49  0.04   50.7  244.6   38.2  86.2    2.3   -0.5   0.28  _003834_003035
00007  2022-04-27 20:24:11.64  0.00  0.81  109.46  0.06 -46.42  0.04   0.19  0.00  46.614  0.053   0.623  0.001  51.7595 0.0001    7.2396 0.0003 103.30  0.02  51.5657 0.0003    6.9839 0.0003  92.67  0.03   38.5   39.3  110.4  97.9   -1.0   -2.9   0.51  _000319_003167
00008  2022-04-27 20:26:06.64  0.00  0.38  195.75  0.22  56.60  0.14  25.22  0.17   0.422  0.008   4.509  0.079  51.8384 0.0001    3.9061 0.0002  83.42  0.03  51.8290 0.0002    3.8763 0.0002  76.12  0.05   39.5  242.8   17.8  80.8    3.4    0.8   0.36  _003032_003835
00009  2022-04-27 20:28:14.36  0.00  0.34  219.04  1.87  78.70  0.40  21.37  0.50   0.189  0.021   4.566  0.320  50.8210 0.0005    4.9406 0.0002  82.86  0.05  50.7905 0.0008    4.9266 0.0007  77.37  0.10   19.4  196.2   33.1  81.8    1.4   -0.2   0.19  _000815_003821_003814
00010  2022-04-27 20:30:23.82 -0.10  0.64  217.87  0.07  21.01  0.32  23.27  0.08   0.236  0.016   1.683  0.122  53.5216 0.0003    6.3363 0.0003  84.75  0.02  53.5643 0.0007    6.1628 0.0005  73.75  0.04   25.3  292.4   48.9  77.6    0.8   -2.4   0.65  _003801_003101
00011  2022-04-27 20:32:47.49 -0.18  0.56  305.26  0.00  75.52  0.00  26.84  0.00   0.000  0.000  85.428  0.000  53.2971 0.0000    4.6321 0.0000  97.01  0.00  53.1718 0.0000    4.5827 0.0000  84.00  0.00   24.0  193.3   48.2  87.3    1.0   -1.0   0.75  _000329_003163_003163
00012  2022-04-27 20:36:51.46  0.00  0.21  137.45  1.34  -1.97  0.51  15.42  0.33   0.000  0.000  35.170  0.150  50.1039 0.0005    5.2838 0.0004  80.83  0.05  50.1226 0.0007    5.3075 0.0005  79.21  0.07   11.8   39.2   59.2  79.8    1.6    0.2   0.62  _003837_000379
00013  2022-04-27 20:47:59.32 -0.03  2.34  124.03  0.02  27.28  0.02  14.09  0.00   0.030  0.000   1.972  0.001  50.3122 0.0000    4.8569 0.0000  83.03  0.00  50.3549 0.0001    5.1394 0.0001  60.90  0.01   71.8   76.8   43.5  69.6    1.7   -2.2   0.61  _003823_000815_000379_000395_003814_003893_003893
00014  2022-04-27 20:56:02.19  0.00  0.42  289.81  0.09  28.97  0.14  45.56  0.07   0.177  0.030   0.000  0.047  51.5260 0.0003    6.6236 0.0005 108.60  0.03  51.4278 0.0003    6.4039 0.0005 105.46  0.04   48.0  234.3   80.8 106.8    1.4    0.6   0.56  _003816_003833_000320_000381
00015  2022-04-27 21:03:49.52  0.00  2.79  165.64  0.01 -12.76  0.01  18.22  0.00   6.200  0.002   0.219  0.000  50.9955 0.0000    4.5515 0.0000  96.34  0.00  51.3540 0.0001    4.6687 0.0001  76.72  0.01   82.3   11.7   64.8  85.7   -0.7   -4.0   0.54  _003825_003816_003165_003033_003821_003853_003814_003033
00016  2022-04-27 21:09:16.51 -0.44  0.34  198.89  0.11  56.63  0.09  17.98  0.03   0.001  0.000  18.228  0.090  52.2916 0.0001    6.0480 0.0003  91.76  0.03  52.2796 0.0001    6.0120 0.0002  78.67  0.04   85.6  241.4   12.2  81.7   -0.3   -2.2   0.77  _000378_000328_000803_003104_003800_003830_003103
00017  2022-04-27 21:20:43.42 -0.06  0.55  210.34  0.10  14.65  0.07  24.87  0.05   1.790  0.006   1.353  0.016  50.9378 0.0001    3.0130 0.0002  83.80  0.01  50.9929 0.0001    2.9218 0.0003  74.56  0.02   32.1  313.8   44.2  76.6    0.5   -1.5   0.78  _003825_003890_003891_003891
00018  2022-04-27 21:23:16.11 -0.04  0.56  263.46  0.08  40.66  0.19  39.01  0.10   0.092  0.004   4.506  0.049  53.6855 0.0003    7.0139 0.0002 104.50  0.03  53.6299 0.0005    6.7633 0.0004  90.91  0.04   17.5  249.4   53.0  97.0   -0.4   -2.3   0.55  _003101_003801
00019  2022-04-27 21:27:39.71  0.00  0.65  199.30  0.33  21.50  0.31  16.90  0.14   0.000  0.000  12.294  0.199  50.7106 0.0003    5.3981 0.0003  82.13  0.04  50.7533 0.0004    5.3603 0.0009  73.25  0.07   79.0  330.6   31.9  75.8    1.0   -1.0   0.72  _003837_000395_003814
00020  2022-04-27 21:32:32.05 -0.01  0.69  337.73  0.49  74.45  0.16  13.07  0.03   2.567  0.027   0.000  0.018  49.7665 0.0003    5.0779 0.0002  79.34  0.02  49.7010 0.0001    5.0630 0.0002  74.03  0.01   85.3  188.4   54.6  74.9    2.6   -0.6   0.84  _000379_003900
00021  2022-04-27 21:37:25.46 -0.49  0.41  291.70  0.02  40.11  0.04  48.46  0.03   0.017  0.001   7.855  0.045  53.3540 0.0002    6.8336 0.0001 107.87  0.02  53.1466 0.0002    6.3627 0.0002  90.65  0.02   43.4  233.5   66.7 102.7    0.2   -2.5   0.30  _003071_003801_003199_003101_000327
00022  2022-04-27 21:41:57.04  0.00  1.21  161.71  0.04  10.21  0.05  16.91  0.02   2.361  0.003   0.685  0.003  51.1762 0.0000    5.4583 0.0001  88.35  0.01  51.2663 0.0001    5.5612 0.0001  76.23  0.01   83.3   35.7   45.9  82.1    1.9   -1.0   0.52  _003816_003164_003814_003833
00023  2022-04-27 21:46:59.69  0.00  0.52  174.38  0.41  51.51  0.21  16.65  0.06   1.285  0.012   1.525  0.020  50.6941 0.0001    3.3885 0.0003  83.23  0.02  50.6926 0.0001    3.4010 0.0003  76.15  0.02   68.1  100.9    7.3  77.4    2.9    0.6   0.82  _003825_003891
00024  2022-04-27 21:47:23.91  0.00  0.45  214.85  0.00  -0.18  0.00  19.79  0.00   0.000  0.000  56.431  0.000  52.0326 0.0000    5.6325 0.0000  89.17  0.00  52.0861 0.0000    5.5777 0.0000  84.51  0.00   89.4  327.7   56.8  87.5    4.0    2.3   0.35  _000328_003162
00025  2022-04-27 21:49:46.99 -0.10  1.45  174.34  0.04  17.95  0.05  14.55  0.01   0.001  0.000   4.591  0.005  50.9397 0.0000    3.4793 0.0001  78.69  0.01  51.0409 0.0001    3.5417 0.0002  60.92  0.01   90.0   21.3   34.6  69.1   -0.4   -3.5   0.54  _003826_003825_003821_003819_003853_003890_003853_003891
00026  2022-04-27 21:49:53.82 -0.01  0.56  301.48  0.04  36.65  0.10  51.92  0.07   0.000  0.000  14.494  0.012  52.3487 0.0001    7.3131 0.0003 109.14  0.02  52.1980 0.0004    7.0025 0.0003 100.62  0.04   88.9  231.5   72.9 105.3   -0.8   -2.7   0.45  _003800_003199
00027  2022-04-27 21:51:43.29  0.00  1.62   73.51  0.07  65.97  0.05  18.27  0.02   0.441  0.002   1.275  0.004  51.1544 0.0001    5.7821 0.0001  87.79  0.01  50.9861 0.0002    5.9191 0.0004  71.90  0.02   84.4  152.9   53.4  78.7    1.2   -1.7   0.57  _003816_003164_000381_003814_003832_003833
00028  2022-04-27 21:55:10.52  0.00  0.56  307.77  0.16  43.14  0.38  42.40  0.25   0.191  0.010   3.593  0.138  51.1765 0.0008    4.7171 0.0004 101.44  0.08  51.0372 0.0013    4.5144 0.0004  94.39  0.13    3.6  222.4   71.8  98.8    2.3    0.1   0.37  _003825_003821
00029  2022-04-27 21:57:52.76 -0.14  0.26  187.12  0.32  25.91  0.45  15.59  0.09   1.961  0.008   0.452  0.037  52.5186 0.0002    7.3305 0.0002  81.18  0.03  52.5418 0.0002    7.3379 0.0002  75.95  0.03   68.4   11.1   27.0  77.8    1.7    0.2   0.64  _000326_003072_003199
00030  2022-04-27 21:58:30.31  0.00  0.30  246.69  1.68  82.05  0.21  22.02  0.16   0.013  0.001  12.962  0.101  50.6968 0.0002    4.0129 0.0002  87.20  0.03  50.6668 0.0002    4.0033 0.0002  82.38  0.02   83.0  191.5   35.6  85.1    1.9    0.6   0.43  _003825_003823_003826_003821
00031  2022-04-27 22:08:48.39 -0.07  0.41  189.06  0.40 -74.58  0.18   0.05  0.00   8.951  0.019   1.497  0.005  50.9074 0.0002    3.3712 0.0002  84.65  0.02  50.8468 0.0002    3.3699 0.0004  79.77  0.03   80.3    0.8  125.4  84.2    2.0    0.2   0.10  _003826_003825_003821_003853_003891
00032  2022-04-27 22:17:28.34 -0.06  0.72  300.97  0.03  43.86  0.02  43.55  0.01   0.027  0.001   4.671  0.018  50.9789 0.0001    4.8504 0.0001 107.23  0.01  50.8045 0.0001    4.5275 0.0001  93.50  0.01   85.1  229.4   65.8  99.8   -0.1   -2.4   0.54  _003165_003033_000815_003853_003821_003817_003814
00033  2022-04-27 22:20:10.92  0.00  0.67  230.76  0.03 -11.84  0.03  33.46  0.07   3.891  0.015   0.088  0.020  51.7333 0.0002    5.4488 0.0003  91.25  0.01  51.8837 0.0001    5.2723 0.0002  83.73  0.01   88.2  323.9   70.4  88.2   -0.1   -2.2   0.41  _000378_003816_003103_003164_000324_000816_000382_003800_003836_000328_003830
00034  2022-04-27 22:22:34.42 -0.26  0.56  131.32  0.29  65.97  0.16  16.17  0.09   0.000  0.001   9.706  0.470  52.9437 0.0003    4.8414 0.0004  83.97  0.03  52.8953 0.0002    4.9129 0.0004  73.00  0.04   56.5  138.3   33.7  76.2    1.1   -1.4   0.71  _000329_003163
00035  2022-04-27 22:23:13.32 -0.06  0.39  218.29  0.13  11.49  0.12  26.28  0.07   0.001  0.000  16.782  0.079  50.3969 0.0001    4.0733 0.0001  98.26  0.02  50.4538 0.0002    4.0146 0.0003  90.05  0.02   41.6  326.6   43.1  93.5    2.4    0.9   0.58  _000380_003821_003892_003817
00036  2022-04-27 22:24:38.40 -0.14  1.77  211.38  0.01 -10.31  0.01  25.19  0.00   0.000  0.000   5.955  0.004  51.5045 0.0001    3.0558 0.0001 100.50  0.01  51.8625 0.0001    2.8683 0.0002  79.39  0.01   75.1  341.9   63.8  86.3   -0.6   -3.9   0.67  _003826_003825_003819_003835_003820_003851_003160_003851
00037  2022-04-27 22:26:51.52 -0.04  0.41  221.38  0.04  31.36  0.08  29.61  0.02   0.896  0.004   1.690  0.012  50.4812 0.0001    3.0768 0.0002  96.86  0.01  50.5103 0.0001    3.0124 0.0002  85.73  0.01   40.6  305.3   27.0  87.8    2.3    0.8   0.81  _003826_000380_000393_000394_003821_003817_003891
00038  2022-04-27 22:27:51.89 -0.26  0.49  283.57  0.06  68.63  0.02  31.27  0.02   0.917  0.002   1.218  0.007  52.0463 0.0000    6.2335 0.0002 101.94  0.00  51.9368 0.0000    6.1156 0.0001  84.84  0.01   89.2  213.5   41.0  90.5   -0.8   -2.7   0.67  _000803_003836_003162_000320_003800_003103_000328_003167_003830
00039  2022-04-27 22:28:04.86  0.00  0.87  240.62  0.02 -10.25  0.01  40.16  0.01   5.031  0.001   0.465  0.002  50.6074 0.0000    3.7572 0.0001 105.88  0.00  50.7960 0.0000    3.4487 0.0001  95.86  0.00   57.7  313.8   72.1  99.6    0.4   -2.0   0.63  _003826_000814_000394_003034_003853_003821_003825_003817
00040  2022-04-27 22:28:55.43  0.00  0.46  207.46  0.14  29.72  0.24  20.55  0.09   0.106  0.004   4.440  0.228  50.3622 0.0002    4.7525 0.0002  84.04  0.02  50.3888 0.0004    4.7350 0.0002  75.94  0.05   33.0  337.1   21.9  79.6    2.3    0.8   0.54  _000815_003893_003814
00041  2022-04-27 22:31:45.92  0.00  0.56   29.39  0.25  68.45  0.14  23.82  0.08   0.059  0.006   3.024  0.343  51.6832 0.0002    6.4188 0.0001  88.96  0.02  51.5835 0.0002    6.4296 0.0001  82.37  0.02   86.5  176.1   59.8  84.7    1.5   -0.1   0.65  _000328_003833_000321
00042  2022-04-27 22:38:09.89  0.00  0.70  221.43  0.04  -5.61  0.03  27.48  0.02   0.057  0.001   2.744  0.014  51.6414 0.0000    5.9334 0.0001  99.31  0.01  51.7747 0.0001    5.8410 0.0001  89.78  0.01   89.5  336.7   59.9  94.6    1.4   -0.4   0.49  _003816_000382_003833_003800_000320_003103_003830
00043  2022-04-27 22:42:46.24 -0.07  0.51  275.22  0.02  31.07  0.03  43.52  0.02   0.398  0.004   1.539  0.012  52.0360 0.0000    6.1514 0.0001  99.59  0.01  52.0105 0.0000    5.8606 0.0001  85.61  0.01   89.9  261.8   55.7  89.0   -0.4   -1.7   0.76  _000328_003103_000803_003836_003162_003800_003836_003830_000320
00044  2022-04-27 22:44:39.63 -0.05  0.59  155.45  0.22  27.99  0.17  15.17  0.05   0.247  0.006   3.373  0.047  51.2795 0.0001    5.6581 0.0004  76.76  0.04  51.2920 0.0001    5.7329 0.0002  70.73  0.04   78.5   75.0   42.2  73.4    2.0   -0.3   0.55  _000328_003164_000381_000816_003833_000382
00045  2022-04-27 22:49:56.76  0.00  1.57  205.52  0.01  40.95  0.01  20.57  0.00   2.951  0.003   0.544  0.001  50.5179 0.0001    4.3990 0.0001  97.39  0.01  50.5595 0.0000    4.3848 0.0001  69.46  0.01   80.6  347.7    9.8  72.5   -0.5   -2.8   0.89  _003823_000815_000380_003821_003853_003819_003819_003817_000815_003817_003814
00046  2022-04-27 22:51:54.69  0.00  0.42  254.51  0.98  75.89  0.21  20.93  0.07   0.454  0.009   1.956  0.075  51.3774 0.0002    4.4134 0.0003  95.53  0.03  51.3419 0.0003    4.3912 0.0001  88.50  0.03   62.9  201.3   31.5  91.2    2.1    0.3   0.61  _003825_003165_003821
00047  2022-04-27 22:59:08.81 -0.07  0.32  287.24  0.04  33.71  0.03  51.36  0.02  19.209  0.001   0.052  0.002  50.1527 0.0000    5.4166 0.0001 109.38  0.01  50.1075 0.0001    5.1934 0.0001  99.38  0.00   82.8  252.5   59.6 102.2   -0.5   -1.8   0.72  _003823_003837_000379_003900_003818
00048  2022-04-27 23:06:00.10 -0.00  0.08   62.84  0.27  35.61  0.33  39.77  0.22   5.794  0.023   3.334  0.072  51.1787 0.0002    4.5635 0.0004  81.11  0.04  51.1675 0.0003    4.5732 0.0004  81.06  0.04   53.3  151.5   87.7  81.1    3.1    1.8   0.51  _003033_003165
00049  2022-04-27 23:07:25.39 -0.12  0.26  233.24  0.14 -16.24  0.20  39.13  0.26   0.049  0.010   8.447  0.191  50.6408 0.0002    5.9098 0.0004  96.19  0.03  50.7504 0.0004    5.8289 0.0005  91.30  0.03   16.0  334.9   70.4  94.1    2.7    1.0   0.43  _003832_003814_003831
00050  2022-04-27 23:08:28.70 -0.16  0.57  175.65  0.42  62.93  0.28  16.64  0.08   0.264  0.011   2.115  0.082  51.5073 0.0003    6.0821 0.0003  82.42  0.02  51.4813 0.0002    6.1227 0.0003  71.82  0.01   60.1  135.7   21.1  76.4    2.4    0.3   0.57  _003816_000328_003833
00051  2022-04-27 23:11:27.90 -0.10  0.68  311.92  1.28  84.07  0.10  24.84  0.11   7.044  0.051   0.450  0.012  51.6646 0.0003    4.5082 0.0008  91.96  0.05  51.5712 0.0003    4.4845 0.0010  79.31  0.04   82.1  189.0   40.2  84.8    2.0   -0.3   0.56  _003825_003035_000396_003834
00052  2022-04-27 23:11:50.77  0.00  0.32  256.24  0.18  16.70  0.20  56.14  0.38   4.847  0.019   1.408  0.045  52.7196 0.0002    8.2997 0.0004  95.61  0.03  52.7699 0.0004    8.1517 0.0008  85.81  0.06   19.6  299.2   49.9  90.5    0.5   -0.9   0.52  _003102_003199
00053  2022-04-27 23:11:52.08 -0.07  0.70  230.40  0.02 -12.71  0.01  33.05  0.02   0.012  0.000   5.861  0.009  51.1115 0.0001    4.2867 0.0001 103.72  0.01  51.2957 0.0001    4.1578 0.0001  93.97  0.01   81.9  336.2   66.9  97.4   -0.1   -2.4   0.65  _003826_003825_003165_003819_003821_003853_003814_003817
00054  2022-04-27 23:25:10.37  0.00  0.96  173.65  0.11  46.63  0.13  16.54  0.11   3.111  0.008   0.613  0.021  53.1472 0.0002    8.0200 0.0002  78.26  0.02  53.1441 0.0002    8.1106 0.0002  66.30  0.02   52.3   93.2   27.2  71.7    0.5   -2.1   0.55  _003801_003199
00055  2022-04-27 23:42:39.51  0.00  0.69  213.80  0.23  24.93  0.46  11.11  0.05   0.015  0.001   5.421  0.138  50.8828 0.0002    4.1195 0.0002  75.28  0.03  50.9103 0.0003    4.1225 0.0004  68.92  0.04   21.4    4.0   26.0  71.3    2.2    0.2   0.62  _003825_003826_003821
00056  2022-04-27 23:43:38.37 -0.05  0.19  263.31  0.23  37.78  0.19  43.08  0.25   0.182  0.012   8.155  0.348  50.2307 0.0002    5.7183 0.0002 104.96  0.02  50.2335 0.0002    5.6414 0.0004  96.85  0.05   58.7  273.2   34.6 102.2    0.5   -0.7   0.34  _003901_003818_003837_003831
00057  2022-04-27 23:44:32.90 -0.05  0.26  293.93  0.00  30.85  0.00  52.94  0.00   0.000  0.000  48.250  0.000  50.4691 0.0000    4.8293 0.0000  97.14  0.00  50.4446 0.0001    4.6493 0.0008  89.13  0.03   77.8  257.9   58.9  95.0   -0.2   -1.4   0.27  _003823_000815_003853_003814
00058  2022-04-27 23:45:48.15  0.00  0.49  180.64  0.38  36.20  0.72  14.50  0.17   0.007  0.001   9.026  0.243  50.9850 0.0004    4.5685 0.0002  87.13  0.04  50.9928 0.0005    4.6125 0.0003  81.46  0.04   21.2   74.4   29.8  83.7    2.6    0.3   0.61  _003825_003821
00059  2022-04-27 23:45:49.48  0.00  0.40  311.94  0.33  66.92  0.40  37.14  0.30   0.063  0.008   7.066  0.213  50.7541 0.0002    4.1637 0.0003 104.51  0.04  50.6789 0.0005    4.0880 0.0009  94.93  0.08   13.8  212.5   46.5  98.6    1.7   -0.2   0.62  _003821_003817
00060  2022-04-27 23:49:24.36 -0.04  0.26  207.83  0.64   9.21  1.14  20.14  0.15   0.012  0.007   7.656  0.470  53.2404 0.0006    6.1211 0.0005  84.21  0.05  53.2763 0.0011    6.1386 0.0009  79.99  0.08    5.2   16.3   45.1  81.9    0.8   -1.5   0.54  _000329_003101
00061  2022-04-27 23:50:20.92  0.00  0.50  211.18  0.00  37.09  0.00  17.55  0.00   0.000  0.000  34.081  0.000  51.0326 0.0000    4.3186 0.0000  88.02  0.00  51.0505 0.0000    4.3297 0.0000  79.82  0.00   50.4   21.4   14.7  81.9    2.0    0.2   0.75  _003825_003826_003033_003821
00062  2022-04-27 23:52:17.18  0.00  0.38  233.22  0.89  60.53  0.46  15.35  0.14   0.000  0.000  15.868  0.262  50.6513 0.0002    5.7102 0.0005  89.68  0.04  50.6418 0.0002    5.7008 0.0003  83.93  0.04   61.0  212.2   12.4  84.5    3.2    2.1   0.91  _003831_003814
00063  2022-04-27 23:52:26.85 -0.15  0.65  204.74  0.05  -9.94  0.17  23.04  0.04   0.243  0.003   2.498  0.040  52.8025 0.0002    7.2335 0.0001  95.52  0.03  52.9331 0.0002    7.3043 0.0002  88.08  0.02   40.3   18.2   64.5  91.0    2.1    0.3   0.61  _003072_003100_003801
00064  2022-04-27 23:54:11.19  0.00  0.20  305.57  1.36  76.64  0.52  31.53  0.18   0.221  0.009   8.094  0.115  52.3114 0.0001    5.8263 0.0005  88.85  0.06  52.2833 0.0002    5.8081 0.0009  84.57  0.07   22.2  201.7   38.6  87.1    3.0    2.2   0.40  _000328_003073_003104
00065  2022-04-27 23:54:54.96  0.00  2.60   10.77  0.35  20.92  0.26   7.52  0.01   1.305  0.003   1.119  0.001  50.9610 0.0002    4.4437 0.0002  82.89  0.02  50.9844 0.0002    4.4628 0.0005  82.12  0.03   17.4  207.2  103.9  83.3    2.4    0.9   0.49  _003826_003821_003819
00066  2022-04-27 23:56:02.96 -0.02  0.37  305.64  0.00  42.86  0.02  43.28  0.02   0.000  0.000  29.984  0.001  51.7367 0.0000    4.4723 0.0001 103.91  0.00  51.6811 0.0001    4.3021 0.0004  94.71  0.02   88.9  242.2   55.8 100.3    0.9   -0.7   0.40  _003825_003032_003834_000396
00067  2022-04-27 23:58:16.25  0.00  0.32  216.09  0.36  26.72  0.31  19.27  0.13   0.033  0.012   5.218  0.547  50.5476 0.0003    3.8107 0.0004  84.18  0.05  50.5693 0.0002    3.8150 0.0006  78.62  0.04   76.0    7.1   24.0  80.4    2.8    1.6   0.69  _003826_003825_003821_003892
00068  2022-04-28 00:00:39.18 -0.04  0.33  305.37  0.21  70.83  0.07  35.42  0.07   2.520  0.006   1.921  0.028  51.2243 0.0001    5.8004 0.0002  86.80  0.01  51.1715 0.0002    5.7517 0.0002  78.77  0.02   83.8  210.1   40.6  83.3    0.5   -0.6   0.44  _000328_003816_003833_000381_000816_003164_003814
00069  2022-04-28 00:03:29.56 -0.19  0.55  324.14  0.05  50.89  0.04  41.81  0.03   0.045  0.001   5.474  0.030  50.5528 0.0001    5.2860 0.0001 105.14  0.02  50.3954 0.0001    5.0309 0.0001  89.81  0.01   86.6  225.9   59.2  95.8   -0.2   -2.8   0.61  _003823_000395_003165_003837_000815_003853_003814
00070  2022-04-28 00:05:25.19 -0.04  0.12  117.24  3.66  74.44  0.63  18.25  0.36   0.399  0.015   8.747  0.354  50.2437 0.0002    4.7926 0.0002  78.53  0.03  50.2314 0.0002    4.8001 0.0002  77.09  0.02   21.0  158.8   45.9  77.7    3.9    2.4   0.58  _000379_003893
00071  2022-04-28 00:08:36.95 -0.05  0.31  277.98  0.13   8.24  0.03  60.51  0.15   0.000  0.000  31.631  0.006  50.1028 0.0003    4.9498 0.0003 110.95  0.04  50.1679 0.0004    4.7106 0.0005 100.80  0.05   14.1  292.9   61.8 103.7    2.2    0.6   0.71  _003823_003893
00072  2022-04-28 00:08:55.43 -0.08  0.71  258.04  0.00  25.41  0.00  39.23  0.00   0.000  0.000  25.180  0.000  50.6031 0.0000    5.5072 0.0000 111.97  0.00  50.6862 0.0000    5.2873 0.0000  87.11  0.00   22.1  300.6   36.6  93.3   -1.6   -3.8   0.75  _000395_000815_003814
00073  2022-04-28 00:15:41.15 -0.19  0.32  198.36  0.16   7.68  0.18  18.95  0.07   0.559  0.015   3.468  0.084  51.7399 0.0002    5.0590 0.0006  82.81  0.02  51.7845 0.0002    5.1110 0.0007  77.46  0.03   88.1   35.9   49.2  80.1    2.1    0.4   0.50  _000328_003836_003164_003035_003830
00074  2022-04-28 00:16:24.35 -0.03  1.05  223.46  0.03 -13.28  0.23  30.87  0.03   0.316  0.006   1.317  0.053  52.9636 0.0001    7.2728 0.0001 100.38  0.02  53.2258 0.0009    7.3043 0.0003  87.45  0.08   44.0    4.1   66.6  96.7    2.0    0.7   0.28  _003801_003100_003072
00075  2022-04-28 00:18:42.29 -0.09  0.67  188.65  0.00  42.16  0.00  15.79  0.00   0.000  0.000  32.307  0.000  51.4077 0.0000    1.8501 0.0000  89.27  0.00  51.4143 0.0000    1.9194 0.0000  78.51  0.00   37.3   81.4   24.7  80.5    1.6   -1.4   0.82  _003036_003820
00076  2022-04-28 00:20:24.01  0.00  0.91  223.46  0.10  63.21  0.06  22.68  0.03   2.336  0.008   0.934  0.005  52.7925 0.0001    6.0466 0.0001  92.18  0.01  52.7642 0.0001    6.0540 0.0002  74.91  0.01   89.0  171.0   10.6  77.6    1.4   -1.4   0.85  _000329_003166_003071
00077  2022-04-28 00:29:53.18  0.00  1.36   19.70  0.00  59.10  0.00  25.75  0.00   0.000  0.000  13.851  0.000  51.2643 0.0000    3.8025 0.0000  99.98  0.00  50.9987 0.0000    3.6905 0.0000  87.14  0.00   89.6  194.8   67.7  91.4    1.3   -2.0   0.67  _003825_003826_003821_003819_003817_003853_003851
00078  2022-04-28 00:29:57.80  0.00  0.31  272.40  0.08  -5.22  0.27  62.52  0.24   0.000  0.000  13.077  0.465  52.9133 0.0005    4.2404 0.0005 110.35  0.06  53.0206 0.0004    4.0389 0.0004 103.42  0.03   38.4  311.3   69.4 104.1    2.2   -0.2   0.90  _003161_000322
00079  2022-04-28 00:30:34.35  0.00  0.40  317.87  0.20  41.36  0.33  41.88  0.20   0.401  0.015   1.517  0.233  53.5966 0.0005    7.2429 0.0004 103.38  0.05  53.5436 0.0005    7.0585 0.0006  94.21  0.05   16.6  244.2   56.4  98.8    1.3   -0.4   0.49  _003801_003101
00080  2022-04-28 00:30:45.43  0.00  1.12  234.51  0.35  -3.88  0.51  36.23  0.13   0.750  0.020   2.039  0.034  52.4857 0.0004    8.0412 0.0014  99.11  0.15  52.7363 0.0016    8.0169 0.0022  80.38  0.15   22.5  356.6   56.7  90.1    1.0   -1.0   0.48  _003102_003199
00081  2022-04-28 00:31:52.88 -0.09  0.17  257.06  0.22  47.07  0.14  35.88  0.14   0.214  0.012   5.669  0.454  51.8264 0.0002    4.7912 0.0004 103.48  0.02  51.8278 0.0001    4.7502 0.0004  95.07  0.04   89.7  273.3   18.9  99.3    1.9    0.7   0.50  _003816_003103_000396_003035
00082  2022-04-28 00:36:30.03  0.00  0.27  191.38  0.60  15.59  1.27  15.75  0.25   0.000  0.000  23.899  0.154  50.7551 0.0002    4.1986 0.0004  82.98  0.04  50.7711 0.0005    4.2343 0.0008  80.01  0.08   16.7   54.8   46.5  82.6    3.4    2.6   0.12  _003826_003821
00083  2022-04-28 00:36:47.14 -0.00  0.73  294.17  0.04 -12.38  0.17  68.55  0.18   1.479  0.032   0.000  0.028  51.0819 0.0004    4.3582 0.0004 117.49  0.06  51.2844 0.0009    3.7337 0.0012 112.86  0.09   11.4  297.0   84.9 115.9    1.0   -1.2   0.35  _003825_003821
00084  2022-04-28 00:43:09.26  0.00  2.19  216.15  0.01 -19.25  0.02  30.73  0.00   6.269  0.004   0.306  0.000  50.4712 0.0000    4.7863 0.0000 100.48  0.01  50.9674 0.0001    5.0025 0.0001  80.78  0.01   83.7   15.5   71.5  86.4    0.3   -3.1   0.71  _003823_000815_003853_003821_003814
00085  2022-04-28 00:43:50.27  0.00  0.27  277.21  0.22  48.78  0.23  34.34  0.19   0.001  0.000  22.006  0.102  52.7897 0.0003    7.3297 0.0002 100.68  0.04  52.7842 0.0004    7.2718 0.0004  92.82  0.07   23.2  261.0   27.1  96.8    2.3    0.3   0.49  _003072_003100_000326
00086  2022-04-28 00:50:18.76 -0.06  0.26  284.10  0.00  13.15  0.00  60.22  0.00   0.000  0.000 157.194  0.000  53.7061 0.0000    6.7448 0.0000 110.84  0.00  53.7711 0.0000    6.5341 0.0000 100.01  0.00   22.3  297.4   55.9 102.6    0.1   -1.4   0.76  _003101_003801
00087  2022-04-28 00:53:02.51  0.00  0.81  232.48  0.07  49.27  0.11  24.76  0.06   0.098  0.006   2.449  0.086  51.5161 0.0002    2.9006 0.0001  96.86  0.03  51.5229 0.0001    2.8996 0.0001  77.47  0.03   61.2  354.5    2.3  83.1    2.4   -0.1   0.71  _003851_003890_003890
00088  2022-04-28 00:53:03.76 -0.11  0.08  291.65  0.26  20.35  0.93  58.67  0.51   0.461  0.021   5.465  0.614  51.8295 0.0012    4.1841 0.0005  98.02  0.12  51.8457 0.0008    4.0635 0.0004  91.90  0.09   11.4  282.2   54.7  95.4    1.9   -0.2   0.43  _003835_000396
00089  2022-04-28 00:58:12.24 -0.10  0.20  201.66  0.00  17.08  0.00  16.16  0.00   0.000  0.000 141.621  0.000  50.4182 0.0000    4.4761 0.0000  82.53  0.00  50.4363 0.0000    4.5108 0.0000  79.04  0.00   50.5   50.9   42.7  79.9    3.0    1.7   0.75  _003817_003893
00090  2022-04-28 01:00:17.87 -0.12  1.40  208.65  0.03 -16.74  0.01  24.18  0.01   0.000  0.000   5.875  0.003  50.1314 0.0001    5.3055 0.0001  91.90  0.01  50.4004 0.0001    5.5302 0.0001  80.28  0.01   79.6   28.2   71.5  83.8    0.3   -2.6   0.69  _003823_000379_003900_003837_000395_003814_003818_003831_003837
00091  2022-04-28 01:03:37.78 -0.06  0.44  326.07  0.27  49.35  0.07  42.74  0.12   0.000  0.001   9.053  0.817  49.8533 0.0003    3.4489 0.0004 104.09  0.04  49.7592 0.0006    3.2583 0.0004  91.83  0.05   25.5  232.6   55.1  92.8   -1.6   -3.6   0.92  _003823_003853_003892
00092  2022-04-28 01:04:54.33 -0.07  1.22  205.66  0.00  -7.68  0.01  21.86  0.00   0.513  0.001   1.025  0.001  50.7451 0.0000    3.7993 0.0000  96.66  0.00  50.9237 0.0000    3.9890 0.0000  84.89  0.00   89.4   34.0   64.3  87.4    0.0   -2.8   0.78  _003826_003825_000380_003852_003034_003821_003814_003819_003817_003853
00093  2022-04-28 01:07:17.87 -0.03  0.58  218.40  0.04 -12.33  0.06  29.95  0.03   0.127  0.002   4.287  0.004  50.7494 0.0001    3.1534 0.0003 101.77  0.01  50.8764 0.0001    3.2225 0.0003  94.69  0.02   13.8   19.1   65.1  98.6    0.8   -1.2   0.45  _003826_000393_003817_003821_003891_003825
00094  2022-04-28 01:08:07.48  0.00  0.72  302.85  0.05  -6.76  0.09  68.93  0.15   0.369  0.018   0.000  0.018  50.5420 0.0001    4.3696 0.0002 109.61  0.02  50.7122 0.0004    3.7481 0.0013 101.33  0.07   49.7  293.1   80.6 106.5    1.9    0.1   0.37  _003823_000814_003821_003817
00095  2022-04-28 01:08:43.78 -0.13  0.89  224.58  0.04  -9.08  0.11  25.02  0.02   0.007  0.001   4.605  0.044  52.5861 0.0003    3.9787 0.0002  98.15  0.05  52.7778 0.0004    4.0576 0.0002  86.62  0.03   18.5   14.1   62.8  91.6    1.3   -1.3   0.57  _000378_003161
00096  2022-04-28 01:10:21.98  0.00  0.17  255.37  0.18  31.20  0.22  33.32  0.13   0.000  0.000  41.631  0.092  51.5651 0.0001    5.7545 0.0001  89.83  0.01  51.5814 0.0001    5.7353 0.0002  84.61  0.02   89.3  323.7   23.5  88.6    1.7    0.9   0.24  _003816_003833_003800
00097  2022-04-28 01:10:54.98 -0.04  0.16  277.13  0.16  40.24  0.13  43.22  0.11   0.000  0.000  48.449  0.207  51.1385 0.0001    3.1174 0.0002  92.24  0.01  51.1422 0.0001    3.0565 0.0003  84.64  0.02   33.6  275.5   29.8  89.3    0.1   -0.7   0.39  _003826_003825_003890
00098  2022-04-28 01:11:14.24 -0.08  0.52  217.55  0.33  72.93  0.14  19.02  0.05   0.003  0.000   8.942  0.092  51.8395 0.0001    6.1377 0.0002  90.68  0.02  51.8022 0.0001    6.1556 0.0002  80.44  0.02   83.3  163.5   23.2  84.2    3.5    0.5   0.63  _003167_000320
00099  2022-04-28 01:13:24.02 -0.23  0.30  157.16  3.23  84.00  0.14  18.97  0.12   0.497  0.008   2.515  0.121  50.3552 0.0002    5.7600 0.0002  91.37  0.03  50.3042 0.0002    5.7732 0.0002  84.25  0.02   29.4  170.6   39.3  88.5    2.5    0.1   0.40  _003837_003818_003831
00100  2022-04-28 01:17:05.64 -0.05  0.20  253.81  0.09   3.31  0.07  47.70  0.06   0.089  0.006   3.458  0.141  52.0618 0.0001    5.5412 0.0001  95.71  0.01  52.1390 0.0001    5.5027 0.0002  88.06  0.01   86.9  342.9   50.0  90.7    0.8   -0.2   0.65  _000328_003162_003073
00101  2022-04-28 01:24:34.70 -0.06  0.15  265.51  0.31  39.28  0.42  40.78  0.49   0.000  0.000  30.774  0.430  50.2624 0.0004    6.0602 0.0004 104.86  0.05  50.2730 0.0003    6.0268 0.0006  97.08  0.06   49.2  296.4   19.2 100.1    1.3    0.3   0.61  _003837_003818_003831
00102  2022-04-28 01:29:41.02  0.00  3.33  104.83  1.10 -82.58  0.18  13.49  0.02   2.196  0.006   0.957  0.001  50.0771 0.0002    5.6320 0.0009  91.84  0.03  50.0461 0.0005    5.6248 0.0010  86.66  0.10   38.0    8.5  145.4  91.0    0.5   -1.7   0.16  _003823_003837_003818_003831
00103  2022-04-28 01:30:00.72 -0.18  1.49  209.36  0.02 -17.60  0.05  27.86  0.01   4.943  0.006   0.541  0.001  52.0839 0.0001    3.2184 0.0001  93.55  0.01  52.3740 0.0002    3.5135 0.0001  83.44  0.03   26.8   32.1   75.5  88.1    0.9   -2.3   0.53  _000378_003160_003835_003031
00104  2022-04-28 01:30:01.70 -0.01  0.50  258.17  0.00  48.76  0.00  34.22  0.00   0.000  0.000 112.018  0.000  50.9287 0.0000    2.4640 0.0000 101.75  0.00  50.9309 0.0000    2.4183 0.0000  85.33  0.00   32.0  274.3   11.3  88.1   -0.4   -2.5   0.83  _003826_000394_003890_003825_003891
00105  2022-04-28 01:33:21.00  0.00  0.60  290.50  0.00  -6.42  0.03  68.05  0.01   0.000  0.000  36.682  0.001  50.2448 0.0001    3.2388 0.0001 113.57  0.02  50.4551 0.0649    2.8211 0.1289  99.79  4.24   30.9  308.0   70.5 105.0   -1.0   -2.7   0.62  _003826_000814_000380_000393_000394_003819_003891_003817_003892
00106  2022-04-28 01:37:49.56 -0.01  0.23  305.13  1.85  57.25  0.75  30.96  0.27   0.004  0.001  17.491  0.131  50.1543 0.0005    5.9197 0.0004  89.57  0.05  50.1333 0.0007    5.8730 0.0005  83.53  0.07   31.2  235.0   34.4  87.5    2.4    1.1   0.35  _003837_003818
00107  2022-04-28 01:38:21.17 -0.03  0.14  285.75  0.00  37.65  0.00  43.13  0.00   0.000  0.000 214.341  0.000  51.6872 0.0000    6.4321 0.0000  95.67  0.00  51.6938 0.0000    6.3821 0.0000  89.57  0.00   73.6  282.0   30.5  94.9    2.7    1.2   0.12  _003167_000320
00108  2022-04-28 01:43:41.67  0.00  0.32  322.25  0.06  12.54  0.20  64.36  0.10   0.154  0.010   2.555  0.469  53.3374 0.0003    6.5054 0.0003 114.14  0.04  53.3530 0.0004    6.2230 0.0005 107.30  0.04   26.9  275.2   70.5 111.7    0.4   -1.0   0.36  _003101_003071_003801
00109  2022-04-28 01:51:32.01  0.00  0.11  224.35  1.17  41.01  1.31  23.63  0.58   0.315  0.016   9.350  0.590  50.0968 0.0004    4.7173 0.0002  80.25  0.04  50.0987 0.0004    4.7260 0.0003  78.32  0.05   28.1   71.0   19.2  79.4    2.5    1.3   0.42  _000379_003893
00110  2022-04-28 01:53:03.52 -0.10  0.12  292.37  0.00  43.77  0.00  45.51  0.00   0.000  0.000 166.420  0.000  52.9493 0.0000    6.2366 0.0000 103.14  0.00  52.9503 0.0000    6.1722 0.0000  95.15  0.00   72.7  271.4   28.8  96.2    1.4    0.4   0.87  _000329_003071_003166
00111  2022-04-28 01:53:21.05 -0.02  0.20  253.09  0.19  36.21  0.02  39.16  0.07   0.000  0.000  44.029  0.008  51.7301 0.0001    5.2226 0.0001 103.94  0.01  51.7491 0.0001    5.2169 0.0003  96.18  0.04   79.4  349.5   15.7  98.7    1.0   -0.3   0.68  _000328_003816_003836_000382_003103
00112  2022-04-28 01:53:22.32 -0.05  0.15  252.61  0.55  35.56  0.25  36.89  0.41   0.000  0.000  45.667  0.667  51.7201 0.0002    5.2226 0.0006 104.16  0.04  51.7378 0.0003    5.2182 0.0005  97.27  0.08   65.6  351.2   16.3 100.1    2.0    0.6   0.59  _000816_003035
00113  2022-04-28 01:53:59.66  0.00  0.26  291.95  0.99  34.83  0.20  53.31  0.28   0.038  0.005   9.833  0.242  50.2444 0.0004    2.3247 0.0013 104.82  0.06  50.2541 0.0008    2.2154 0.0025  93.80  0.13    5.8  277.8   36.0  95.6    1.6   -0.8   0.84  _000393_003891
00114  2022-04-28 01:56:36.07 -0.06  0.17  293.31  1.32  75.48  0.42  21.45  0.22   0.000  0.004   8.841  0.443  50.6590 0.0002    3.8801 0.0002  86.96  0.02  50.6383 0.0002    3.8681 0.0003  82.72  0.03   86.8  200.2   30.4  86.3    2.0    0.8   0.15  _003823_003826_003825_003821
00115  2022-04-28 01:57:22.15  0.00  0.91  203.15  0.05  -2.39  0.06  20.48  0.01   3.239  0.006   0.408  0.003  51.2186 0.0001    5.6320 0.0001  88.31  0.01  51.3020 0.0001    5.8120 0.0002  81.68  0.01   70.8   53.6   67.3  84.6    2.1   -0.2   0.56  _000328_003816_000381_003833
00116  2022-04-28 01:58:04.50  0.00  0.14  241.91  0.75  51.52  0.56  14.93  0.15   0.000  0.000  78.084  0.055  51.1813 0.0002    3.7970 0.0002  83.98  0.02  51.1811 0.0002    3.7989 0.0003  82.33  0.05   17.7   97.1    4.7  84.0    1.7    0.8   0.00  _003825_003821
00117  2022-04-28 02:02:34.88 -0.01  0.40  225.46  0.13 -10.54  0.15  30.06  0.08   0.198  0.007   4.801  0.063  52.1795 0.0001    4.5508 0.0002  88.23  0.02  52.2602 0.0003    4.6201 0.0003  83.78  0.02   85.7   27.8   66.6  86.3    1.4   -0.4   0.44  _000378_003834_003030_003104
00118  2022-04-28 02:03:46.26 -0.02  0.64  233.91  0.04  -1.19  0.05  36.18  0.03   0.236  0.004   2.661  0.019  50.8572 0.0001    3.2495 0.0001 102.13  0.01  51.0100 0.0001    3.3394 0.0002  88.73  0.02   72.2   20.4   54.0  92.9    0.7   -1.7   0.69  _003826_000394_003817_003821_003853_003825
00119  2022-04-28 02:03:59.78 -0.11  0.93  162.17  0.26  73.98  0.04  17.39  0.04   0.992  0.003   1.197  0.012  50.4599 0.0001    4.5240 0.0001  83.77  0.01  50.3734 0.0001    4.5852 0.0001  71.92  0.01   79.3  155.7   42.1  77.7    1.3   -1.3   0.51  _003823_000815_003853_003893
00120  2022-04-28 02:14:05.16  0.00  0.44  237.41  0.07  16.71  0.06  35.46  0.07   0.071  0.005   3.159  0.151  50.5097 0.0001    5.4399 0.0001 100.32  0.01  50.5813 0.0001    5.5023 0.0001  87.90  0.02   78.6   29.1   36.7  92.5    1.5   -0.5   0.63  _003837_000395_003814_003832
00121  2022-04-28 02:19:40.27 -0.03  0.21  281.14  0.00  35.53  0.00  48.72  0.00   0.000  0.000  82.033  0.000  53.2667 0.0000    7.0524 0.0000 106.20  0.00  53.2920 0.0000    6.9989 0.0000  95.85  0.01   44.6  308.2   24.1  97.2    0.4   -1.0   0.87  _003100_003072_003801
00122  2022-04-28 02:19:46.49  0.00  0.32  270.16  0.12  -4.36  0.09  60.82  0.14   0.090  0.005   7.110  0.057  51.7867 0.0001    2.6586 0.0004 100.48  0.01  51.9188 0.0002    2.5828 0.0004  90.57  0.02   65.9  340.4   58.0  94.6    0.3   -0.7   0.60  _003160_003820_003851
00123  2022-04-28 02:20:51.40  0.00  0.25  251.46  0.33  40.96  0.45  36.92  0.37   0.024  0.005  11.164  0.238  52.7378 0.0005    4.0680 0.0004 105.02  0.04  52.7538 0.0003    4.0746 0.0003  96.28  0.07   72.6   14.1   12.1 102.2    1.0   -0.1   0.33  _000378_003161_000322
00124  2022-04-28 02:22:32.74 -0.05  0.24  309.10  0.04  20.33  0.02  59.56  0.04   0.000  0.000  53.567  0.007  50.0413 0.0001    6.5674 0.0001 109.34  0.01  50.0759 0.0002    6.3970 0.0008  98.34  0.05   45.3  287.5   49.8 101.6    0.1   -1.2   0.71  _003837_003901_003818_003831
00125  2022-04-28 02:24:04.95  0.00  0.34  211.33  0.26  31.62  1.29  17.42  0.20   0.035  0.005   6.629  0.203  52.7053 0.0003    7.1527 0.0002  82.54  0.03  52.7121 0.0007    7.2046 0.0007  78.25  0.08   17.4   77.8   40.3  81.4    3.1    1.6   0.26  _003072_000326_003100
00126  2022-04-28 02:24:05.90 -0.24  0.31  315.52  0.27  67.20  0.19  34.91  0.13   1.935  0.008   2.138  0.059  50.3719 0.0003    6.2811 0.0004  92.37  0.03  50.3082 0.0002    6.2051 0.0003  78.17  0.03   81.1  217.3   32.5  82.6    0.8   -0.8   0.69  _003832_003818_003814_003831
00127  2022-04-28 02:24:28.39  0.00  1.80  285.52  0.07  49.92  0.19  27.34  0.04  60.334  0.064   0.030  0.001  50.6197 0.0005    5.1370 0.0009 119.98  0.07  50.6004 0.0008    4.9423 0.0004  76.39  0.13    3.3  261.1   18.1 119.2    1.7    0.1   0.02  _003823_000815_003814
00128  2022-04-28 02:26:16.02  0.00  0.89  228.05  0.02  -8.07  0.03  35.70  0.02   1.993  0.003   1.043  0.004  50.9032 0.0000    4.2500 0.0001  98.80  0.01  51.0979 0.0001    4.4439 0.0001  86.22  0.01   87.4   32.2   64.2  90.0    0.8   -1.8   0.70  _003825_000815_003165_003821_003853_003814_003817
00129  2022-04-28 02:27:11.84 -0.23  0.36  320.44  0.06  40.48  0.03  47.92  0.07   0.034  0.006   4.613  0.372  51.0742 0.0001    6.2425 0.0003 107.88  0.02  51.0431 0.0001    5.9802 0.0004  87.40  0.03   90.0  259.3   42.9  95.8   -0.0   -1.9   0.59  _003832_003164_000321_003816_003833
00130  2022-04-28 02:27:11.88 -0.07  0.40  319.69  0.07  40.50  0.09  45.30  0.28   0.265  0.105   0.000  0.157  51.0598 0.0003    6.1971 0.0010 102.34  0.10  51.0373 0.0003    5.9986 0.0012  86.61  0.12   39.0  259.7   42.4  95.5    0.0   -1.8   0.43  _000381_003814
00131  2022-04-28 02:27:35.47 -0.09  0.17  291.51  0.00  43.60  0.00  39.79  0.00   0.000  0.000 167.017  0.000  51.3912 0.0000    3.2030 0.0000 101.95  0.00  51.3940 0.0000    3.1433 0.0000  92.82  0.00   50.3  274.2   24.9  95.5    0.7   -0.5   0.71  _003826_003825_003851_003890
00132  2022-04-28 02:27:47.19  0.00  0.56  220.28  0.08  -5.08  0.10  26.58  0.04   1.910  0.026   0.146  0.021  52.2477 0.0001    5.9570 0.0004  89.66  0.04  52.3347 0.0002    6.0892 0.0006  83.71  0.05    9.9   43.0   66.2  86.7    3.1    1.9   0.50  _000328_003104
00133  2022-04-28 02:27:59.06 -0.05  0.24  275.69  0.08  -1.70  0.17  61.19  0.13   0.000  0.000  31.756  0.121  53.2267 0.0003    6.8814 0.0002 109.37  0.03  53.3443 0.0003    6.8137 0.0003 100.07  0.03   32.1  340.9   56.6 103.8    0.8   -0.6   0.60  _003101_003801
00134  2022-04-28 02:28:32.41 -0.01  0.19  272.00  0.57  38.87  0.49  32.08  0.28   0.132  0.006  11.905  0.115  50.6729 0.0001    3.5132 0.0002  98.41  0.02  50.6816 0.0003    3.4978 0.0005  93.25  0.04   17.3  311.7   16.0  95.5    2.0    1.1   0.56  _003826_003825_003821
00135  2022-04-28 02:28:49.26 -0.00  0.12  276.99  0.72  50.68  0.64  30.63  0.42   0.001  0.020   5.963  0.090  53.2379 0.0002    7.0803 0.0002  88.58  0.03  53.2386 0.0003    7.0702 0.0004  84.89  0.04   47.3  277.3   10.6  86.2    1.8    0.7   0.65  _003101_003801_003100
00136  2022-04-28 02:35:45.42  0.00  1.12  231.18  0.02 -13.85  0.03  36.08  0.01   2.769  0.005   0.692  0.003  49.5999 0.0002    6.0938 0.0001 102.67  0.01  49.8620 0.0002    6.3407 0.0002  89.26  0.01   87.4   31.5   69.0  93.9    1.1   -2.4   0.65  _003818_003901_003831
00137  2022-04-28 02:37:04.49 -0.00  0.16   49.37  0.24  17.83  0.18  10.74  0.04  11.846  0.046   2.937  0.023  49.9448 0.0003    4.5230 0.0003  93.68  0.03  49.9837 0.0004    4.5583 0.0004  92.12  0.03   54.3  210.4  107.0  93.2    2.1    1.3   0.28  _003823_000379_003893
00138  2022-04-28 02:37:21.72 -0.04  1.06  226.18  0.00  -8.31  0.01  30.44  0.00   0.887  0.000   0.481  0.001  51.6655 0.0000    4.3826 0.0000  96.52  0.00  51.8810 0.0000    4.6420 0.0000  83.44  0.00   60.5   36.8   66.8  91.5    0.9   -1.7   0.38  _003825_003035_003834_000396_003851_003032_003030
00139  2022-04-28 02:39:22.35 -0.11  0.51   48.52  0.70  70.87  0.07  15.65  0.04   0.074  0.005   4.710  0.062  50.7033 0.0001    5.6792 0.0002  81.33  0.01  50.6394 0.0003    5.6571 0.0003  76.39  0.04   21.6  192.4   56.2  79.6    0.5   -0.9   0.36  _000395_003832_003831_000395
00140  2022-04-28 02:43:28.56 -0.10  0.18  232.43  0.37  40.65  0.15  26.98  0.11   0.002  0.000  27.056  0.439  51.6235 0.0001    5.4553 0.0003  97.76  0.02  51.6307 0.0001    5.4947 0.0003  91.04  0.02   89.5   73.7   23.3  93.3    2.8    0.7   0.66  _003836_003035_003164_000382
00141  2022-04-28 02:43:30.89  0.00  0.55   17.55  0.28  65.09  0.06  26.58  0.08   0.037  0.002   5.401  0.093  52.4486 0.0001    5.5336 0.0001  94.20  0.01  52.3623 0.0002    5.4562 0.0003  85.65  0.04   87.8  208.7   52.5  87.0    2.6   -0.3   0.84  _003104_003166
00142  2022-04-28 02:43:32.26 -0.12  0.65  297.89  0.00  69.35  0.00  31.32  0.00   0.000  0.000  35.214  0.000  50.0475 0.0000    5.6700 0.0000 103.06  0.00  49.9675 0.0000    5.6035 0.0000  81.68  0.00   38.2  208.1   25.6  83.5   -2.3   -4.1   0.92  _003823_003837_003818_003831
00143  2022-04-28 02:49:24.66  0.00  0.28  303.40  0.09   2.97  0.08  66.97  0.27   0.000  0.000  12.266  0.342  50.3070 0.0003    6.4739 0.0004 113.26  0.03  50.4003 0.0004    6.3141 0.0006 103.27  0.06   82.2  312.3   57.5 109.1    2.0    0.5   0.42  _003818_003831
00144  2022-04-28 02:50:35.58  0.00  0.16  287.06  0.41  36.86  0.18  44.60  0.29   0.000  0.001  20.459  0.126  51.6723 0.0003    5.8961 0.0005  99.17  0.06  51.6857 0.0004    5.8644 0.0007  92.42  0.07    4.9  304.2   21.7  99.2    2.5    1.3   0.00  _000328_003103
00145  2022-04-28 02:53:04.70 -0.05  0.12  301.60  0.15  26.37  0.23  53.46  0.08   0.000  0.000  63.747  0.285  50.7253 0.0001    4.3208 0.0002 107.47  0.02  50.7466 0.0003    4.2509 0.0005 100.28  0.05   73.7  295.7   37.8 105.8    0.9    0.1   0.23  _003034_003817_003821
00146  2022-04-28 03:00:04.33 -0.04  0.26  308.37  0.09   8.28  0.09  70.28  0.17   0.036  0.003  12.340  0.360  49.5173 0.0003    4.9317 0.0002 109.22  0.02  49.6002 0.0003    4.7477 0.0004  97.40  0.03   90.0  304.6   54.4 101.0    0.4   -1.2   0.69  _003823_000379_003900_003893
00147  2022-04-28 03:02:32.52 -0.06  0.19  290.21  0.05  13.53  0.03  63.05  0.06   5.083  0.005   0.264  0.006  52.0676 0.0001    5.6115 0.0001 103.18  0.01  52.1445 0.0001    5.5275 0.0001  91.85  0.01   87.0  326.0   42.8  95.2    1.9    0.2   0.70  _000803_003103_003162_000323
00148  2022-04-28 03:04:33.70 -0.13  0.27  243.86  0.44  44.58  0.25  28.96  0.20   1.255  0.013   4.050  0.074  50.8392 0.0003    4.1023 0.0003  88.79  0.04  50.8442 0.0002    4.1345 0.0005  80.67  0.04   31.0   76.2   16.3  82.4    2.3    0.7   0.78  _003825_003826_003034_003821
00149  2022-04-28 03:15:30.76  0.00  0.67  332.18  0.04  -4.17  0.09  66.08  0.12   0.068  0.012   2.711  0.158  51.5983 0.0002    3.8959 0.0003 110.48  0.03  51.7512 0.0006    3.3365 0.0008 100.89  0.06   25.0  293.5   77.6 106.0    0.0   -2.8   0.47  _003826_003825_003835
00150  2022-04-28 03:16:37.25  0.00  0.12  286.79  0.61  45.45  0.32  43.07  0.60   2.432  0.018   0.106  0.243  50.2528 0.0002    3.4097 0.0002 101.65  0.02  50.2554 0.0002    3.3939 0.0003  96.54  0.05   57.0  284.6   13.1  99.2    2.3    0.8   0.47  _000814_003892
00151  2022-04-28 03:24:16.58  0.00  0.15  297.86  0.28   0.58  0.94  66.02  0.25   0.000  0.000  19.640  0.359  51.9387 0.0007    4.7023 0.0004 103.24  0.08  52.0006 0.0006    4.6395 0.0004  97.63  0.08   16.5  327.9   55.9 100.6    2.2    0.6   0.48  _003834_000396
00152  2022-04-28 03:37:07.38 -0.08  0.82    1.57  0.04  17.62  0.05  41.33  0.06   1.093  0.007   1.270  0.022  51.3927 0.0001    2.5695 0.0002  99.51  0.02  51.3386 0.0001    2.0964 0.0004  90.79  0.02   30.4  259.5   75.8  93.6    1.9   -1.3   0.68  _003036_003890
