Ver2.41 Observed   Ref Time    Tbeg  Tend   RAinf  +/-  DECinf  +/-    Vinf  +/-     Acc1   +/-     Acc2   +/-    LatBeg   +/-     LonBeg   +/-    Hbeg  +/-    LatEnd   +/-     LonEnd   +/-    Hend  +/-    Conv S-Azim ZenAng  Hmax Max-mV Int-mV F-skew  Cameras
Number    Date        UT        sec   sec     deg sigma    deg sigma km/sec sigma          sigma          sigma   +N deg  sigma    +E deg  sigma     km sigma   +N deg  sigma    +E deg  sigma     km sigma    deg +W deg    deg    km    mag    mag Hratio  Contributing
------ ---------- ----------- ----- ----- ------- ----- ------ ----- ------ ----- ------- ------ ------- ------ -------- ------ --------- ------ ------ ----- -------- ------ --------- ------ ------ ----- ------ ------ ------ ----- ------ ------ ------  ---------------------------
00001  2022-03-22 18:53:07.34  0.00  0.38   32.36  0.23  20.61  1.07  13.54  0.07   0.006  0.001   8.368  0.377  52.6949 0.0005    7.1908 0.0003  80.56  0.08  52.6920 0.0004    7.2580 0.0003  78.58  0.06   11.1   94.0   66.8  79.4    2.6    0.5   0.58  _003100_003072
00002  2022-03-22 18:55:51.77  0.00  0.94  108.26  0.22  11.40  0.13  13.14  0.06   3.671  0.012   0.022  0.022  52.3996 0.0002    5.0627 0.0004  82.00  0.02  52.4712 0.0006    5.0659 0.0007  72.73  0.07   12.4    1.5   41.1  74.1    3.6    1.3   0.85  _003073_000322
00003  2022-03-22 19:08:52.43  0.00  0.98  109.14  0.06  39.13  0.13  13.99  0.02   0.044  0.002   2.800  0.027  52.7600 0.0001    7.5093 0.0001  81.73  0.01  52.7870 0.0001    7.5244 0.0001  69.06  0.02   57.0   18.8   14.2  74.5    2.0    0.6   0.57  _003100_003072_000326_003199
00004  2022-03-22 19:14:17.14 -0.08  0.28  178.33  0.00   2.55  0.00  23.45  0.00   0.000  0.000 136.701  0.000  50.2741 0.0000    5.5929 0.0000  89.45  0.00  50.2965 0.0000    5.4915 0.0000  86.88  0.00   76.3  289.0   71.7  87.7    2.5    1.1   0.69  _003837_003814_003831
00005  2022-03-22 19:16:48.27 -0.24  0.45  122.04  0.24  29.25  0.12  14.68  0.03   7.918  0.019   0.103  0.007  50.2491 0.0004    6.4582 0.0006  91.77  0.04  50.2788 0.0003    6.4461 0.0005  82.97  0.03   17.9  345.3   21.5  88.4    2.0   -0.3   0.38  _003832_003818_003831
00006  2022-03-22 19:18:20.83 -0.09  0.77  190.59  0.02  24.64  0.03  33.51  0.02   2.003  0.001   0.916  0.003  51.6020 0.0001    5.7195 0.0001 100.85  0.01  51.5840 0.0001    5.3895 0.0001  88.40  0.01   85.9  264.9   62.0  94.8    2.0   -1.2   0.48  _000328_003816_000382_003836_000816_003833
00007  2022-03-22 19:22:44.86  0.00  0.64  100.60  0.10  34.03  0.16  16.82  0.04   2.522  0.002   1.180  0.003  50.8920 0.0001    4.1682 0.0001  76.38  0.01  50.9110 0.0001    4.1915 0.0001  68.89  0.01   37.0   37.7   19.9  72.4    1.7   -0.6   0.53  _003825_003826_003034_003821_003817
00008  2022-03-22 19:24:47.47 -0.05  1.45  201.40  0.00 -33.65  0.02   0.10  0.00  55.145  0.000   0.270  0.000  52.8258 0.0001    7.9980 0.0001  89.89  0.01  52.7228 0.0001    8.3232 0.0002  79.92  0.02   21.1  297.7  111.5  83.7    1.4   -2.7   0.62  _003199_003102
00009  2022-03-22 19:26:36.74 -0.07  0.22   42.82  0.42  37.10  0.95  14.14  0.17   0.007  0.021   3.757  0.607  51.7127 0.0002    4.9947 0.0002  89.18  0.03  51.7053 0.0003    5.0395 0.0004  86.69  0.05   31.0  104.8   52.5  87.9    3.2    1.1   0.50  _003836_003035
00010  2022-03-22 19:41:43.24 -0.01  0.16  128.63  0.52  -4.92  1.20  17.75  0.15   5.550  0.026   0.588  0.044  52.9177 0.0007    6.4544 0.0003  83.43  0.09  52.9356 0.0007    6.4504 0.0003  82.16  0.08    6.8  352.4   58.1  83.1    3.0    1.4   0.24  _000327_003071
00011  2022-03-22 19:46:40.55 -0.09  0.39   73.38  0.04  38.17  0.06  13.90  0.01   0.000  0.000  33.753  0.001  50.3586 0.0001    4.4988 0.0001  78.54  0.01  50.3592 0.0001    4.5518 0.0002  73.25  0.02   25.3   89.0   35.8  75.8    2.3    0.1   0.52  _000814_003893_003814_003817
00012  2022-03-22 20:06:45.46 -0.15  0.78  159.79  0.13  28.83  0.12  12.94  0.01   0.014  0.001   3.763  0.034  51.8750 0.0001    5.2159 0.0002  87.13  0.01  51.9045 0.0001    5.1365 0.0002  77.33  0.02   74.2  300.9   33.4  82.9    1.8   -0.7   0.44  _000328_003035_003836_003830
00013  2022-03-22 20:12:48.69  0.00  0.40  103.79  0.00  48.38  0.00  12.79  0.00   0.000  0.000  38.575  0.000  51.4548 0.0000    5.0959 0.0000  74.44  0.00  51.4551 0.0000    5.1153 0.0000  69.74  0.01   84.4   88.8   16.2  72.4    2.5   -0.2   0.44  _003816_000382_000816_003836_003035
00014  2022-03-22 20:21:28.36  0.00  0.36  266.84  0.45  61.26  0.25  28.91  0.17   0.000  0.000  24.463  0.296  52.4881 0.0001    4.5351 0.0004  88.75  0.02  52.4164 0.0009    4.4874 0.0009  83.95  0.08   79.1  202.1   61.2  87.9    2.4    0.6   0.18  _000322_003030
00015  2022-03-22 20:24:35.43 -0.24  1.34  175.59  0.02  13.75  0.06  20.98  0.01   0.014  0.000   3.565  0.016  52.6530 0.0001    4.6821 0.0004  96.11  0.03  52.7665 0.0002    4.3682 0.0006  76.93  0.02   69.2  300.7   52.7  81.7    1.1   -1.4   0.75  _000378_003161_000322
00016  2022-03-22 20:26:01.20  0.00  0.32  186.69  0.57  46.73  0.26  24.75  0.15   0.069  0.006   6.837  0.214  50.2512 0.0002    2.9314 0.0005  93.31  0.03  50.2395 0.0001    2.8724 0.0005  87.38  0.04   45.1  252.7   37.0  88.7    1.8    0.3   0.77  _003817_003891
00017  2022-03-22 20:26:35.16  0.00  0.98  186.16  0.08  50.88  0.09  23.23  0.03   0.289  0.005   1.668  0.017  52.9301 0.0001    7.2700 0.0001  97.45  0.03  52.8998 0.0002    7.1123 0.0003  78.99  0.04   64.4  252.3   31.5  85.6   -0.1   -2.8   0.64  _003100_003801_003072
00018  2022-03-22 20:27:56.49 -0.24  0.26  180.57  0.13 -11.34  0.09  28.10  0.06  20.176  0.030   0.014  0.005  50.2998 0.0005    5.7951 0.0005  97.48  0.05  50.3776 0.0003    5.6567 0.0004  93.73  0.03   24.4  311.2   74.3  95.1    3.3    0.8   0.64  _003837_003818
00019  2022-03-22 20:31:49.03 -0.04  0.36   93.38  0.00  64.74  0.00  14.62  0.00   0.000  0.000  37.228  0.000  52.7184 0.0000    6.8907 0.0000  74.91  0.00  52.7035 0.0001    6.9144 0.0001  69.72  0.03   89.9  136.0   24.2  72.4   -0.6   -1.9   0.49  _003072_003199
00020  2022-03-22 20:34:06.02  0.00  0.81   75.18  0.15  49.56  0.13  14.22  0.08   0.027  0.003   5.814  0.151  51.0697 0.0001    4.2167 0.0001  76.89  0.02  51.0537 0.0002    4.2832 0.0004  69.95  0.04   27.8  111.0   36.1  72.4    1.4   -0.6   0.65  _003826_003825_003821
00021  2022-03-22 20:39:01.10 -0.10  1.04  307.55  1.54  79.62  0.13  41.63  0.05   1.748  0.010   1.385  0.005  51.2740 0.0002    2.0665 0.0008 107.70  0.02  50.9950 0.0002    2.0580 0.0024  80.51  0.09   33.2  181.1   49.4  89.8    0.5   -3.3   0.66  _003160_003890
00022  2022-03-22 20:41:06.50 -0.42  1.27  161.61  0.02 -12.26  0.01  21.73  0.01   0.007  0.000   4.003  0.014  50.1867 0.0001    4.6144 0.0001  97.49  0.01  50.4423 0.0001    4.3992 0.0002  83.39  0.01   89.2  331.6   66.9  87.2    0.4   -2.0   0.73  _000814_003853_003893_003814_003817
00023  2022-03-22 20:45:34.08 -0.07  0.20  150.14  0.69  29.97  0.39  15.75  0.12   0.125  0.006   7.282  0.267  50.9877 0.0002    3.4581 0.0003  80.11  0.02  50.9989 0.0001    3.4463 0.0003  76.67  0.02   85.4  326.4   23.8  77.5    2.0    0.7   0.75  _003826_003825_003034_003853_003890
00024  2022-03-22 20:46:22.45  0.00  0.43  107.78  1.58  81.64  0.18  21.06  0.14   0.008  0.001  11.275  0.066  51.0899 0.0003    3.9129 0.0003  92.21  0.04  51.0529 0.0005    3.9206 0.0005  85.40  0.06   29.0  172.5   31.8  90.0    2.3    0.6   0.33  _003825_003826_003821
00025  2022-03-22 20:48:00.98  0.00  0.73  164.72  0.00  41.76  0.00  17.80  0.00   0.000  0.000  41.656  0.000  51.4187 0.0000    3.3411 0.0000  83.78  0.00  51.4291 0.0000    3.2771 0.0000  72.26  0.00   62.3  284.6   22.0  73.8    1.4   -0.9   0.87  _003851_003890
00026  2022-03-22 20:52:16.15 -0.12  0.48  120.96  0.00  47.50  0.00  12.00  0.00   0.000  0.000  84.020  0.000  50.0938 0.0000    5.4253 0.0000  74.86  0.00  50.0951 0.0000    5.4460 0.0000  67.80  0.00   34.3   84.4   12.0  71.3    1.9   -0.2   0.50  _003837_003818
00027  2022-03-22 21:09:36.18  0.00  0.44  145.17  0.62  15.46  0.89  16.73  0.08   2.689  0.012   0.686  0.027  51.3568 0.0005    6.2363 0.0006  77.44  0.04  51.3904 0.0004    6.2344 0.0007  72.21  0.04   19.9  358.0   35.9  73.6    2.6    0.8   0.73  _003816_003833
00028  2022-03-22 21:12:12.04 -0.08  0.22  197.93  0.64  59.27  0.73  18.66  0.17   0.001  0.000  29.512  0.046  52.8004 0.0002    5.6660 0.0003  82.08  0.03  52.7882 0.0003    5.6363 0.0006  77.82  0.05   16.9  235.8   29.9  78.6    2.5    0.4   0.82  _000329_003071
00029  2022-03-22 21:13:50.63  0.00  0.50  186.15  0.00   5.55  0.00  27.08  0.00   0.000  0.000  75.386  0.000  51.2708 0.0000    4.0530 0.0000  91.93  0.00  51.3290 0.0000    3.9273 0.0000  85.06  0.00   45.6  306.4   58.2  88.4    1.2   -0.9   0.51  _003825_003826_003821_003819
00030  2022-03-22 21:15:44.86  0.00  0.49  150.62  0.17  32.25  0.18  15.10  0.06   0.017  0.001   6.609  0.126  51.4083 0.0001    3.1588 0.0001  78.68  0.02  51.4283 0.0001    3.1468 0.0001  72.10  0.02   62.7  339.5   20.1  74.2    1.9    0.1   0.68  _003851_003890
00031  2022-03-22 21:18:41.89  0.00  0.36  135.36  2.89 -17.60  1.23  13.40  0.55   0.188  0.014   5.306  0.181  50.2752 0.0007    6.4414 0.0009  82.87  0.07  50.3055 0.0010    6.4509 0.0013  81.51  0.11   17.4   11.4   68.6  82.5    2.4    1.8   0.28  _003818_003831
00032  2022-03-22 21:35:12.54 -0.02  0.98  110.16  0.05  35.89  0.06  15.64  0.01   2.150  0.004   0.793  0.003  50.1768 0.0001    4.7388 0.0001  75.05  0.01  50.1896 0.0001    4.8307 0.0001  63.87  0.01   26.9   77.9   31.3  69.2    1.1   -2.3   0.52  _000379_000814_003893_000815_003814
00033  2022-03-22 21:42:04.59  0.00  0.62  185.18  0.13  11.83  0.32  33.68  0.09   6.689  0.010   0.808  0.007  50.7005 0.0003    4.8850 0.0003  98.85  0.04  50.7732 0.0006    4.7567 0.0006  87.74  0.06    7.4  311.7   48.0  91.9    1.9    0.6   0.63  _000815_003821
00034  2022-03-22 21:45:00.99 -0.03  1.66  204.06  0.02 -16.28  0.09  48.59  0.06   2.894  0.016   0.275  0.014  51.3709 0.0004    4.3516 0.0002 104.42  0.04  51.8115 0.0010    3.4729 0.0007  93.59  0.06   13.5  308.5   82.6 102.6    1.3   -1.9   0.17  _003825_003821
00035  2022-03-22 21:47:43.14  0.00  0.52  232.94  0.21  15.66  0.06  52.35  0.09   0.107  0.013   2.054  0.308  49.6273 0.0006    5.6912 0.0002 100.74  0.04  49.6155 0.0006    5.3414 0.0003  92.28  0.04    7.8  266.9   71.9  99.4    0.9   -1.2   0.16  _003818_003837
00036  2022-03-22 21:49:20.40 -0.29  0.16  167.42  0.32  14.44  0.74  20.73  0.11   0.036  0.006  13.016  0.304  51.3011 0.0006    5.2990 0.0005  92.89  0.07  51.3471 0.0003    5.2683 0.0003  85.85  0.03   78.0  337.3   38.7  87.1    1.5   -0.2   0.82  _000328_003816_000816
00037  2022-03-22 21:49:54.69 -0.04  0.18  154.55  0.64   3.50  0.55  16.11  0.18   0.000  0.000  19.418  0.382  51.8600 0.0002    3.0640 0.0004  81.15  0.03  51.8835 0.0002    3.0608 0.0004  78.80  0.02   78.1  355.2   48.5  79.9    1.7    0.4   0.54  _003160_003835_003851
00038  2022-03-22 21:54:17.94 -0.34  0.57  184.68  0.04   6.89  0.07  32.61  0.06  11.908  0.004   0.506  0.005  50.5916 0.0002    4.3999 0.0001  95.23  0.02  50.7135 0.0001    4.2285 0.0002  80.27  0.01   89.9  318.2   51.0  88.4    0.7   -1.7   0.46  _003165_000815_003819_003853_003821_003817_003814
00039  2022-03-22 21:57:12.04 -0.05  0.84  154.73  0.10  27.81  0.23  15.80  0.06   0.312  0.004   2.446  0.027  53.2464 0.0002    7.4835 0.0001  94.15  0.02  53.2915 0.0002    7.4901 0.0002  83.44  0.03   34.7    5.0   25.5  87.8    1.3   -1.2   0.59  _003100_003801
00040  2022-03-22 21:59:22.68  0.00  0.44  135.46  0.24  43.50  0.20  16.50  0.06   0.339  0.005   3.298  0.059  52.4424 0.0001    7.4499 0.0002  87.72  0.02  52.4486 0.0002    7.4744 0.0003  81.84  0.03   64.5   67.7   17.3  84.8    1.6   -0.7   0.50  _003072_000326_003199
00041  2022-03-22 22:03:14.00  0.00  0.34  184.11  0.37  -3.56  0.22  28.33  0.14   0.000  0.000  11.101  0.156  50.2107 0.0002    3.6214 0.0005  95.19  0.03  50.2706 0.0003    3.5570 0.0007  90.33  0.04   19.0  325.4   59.5  90.9    3.2    1.4   0.88  _003821_003892
00042  2022-03-22 22:03:37.48  0.00  0.20  209.09  0.52  43.65  2.02  25.12  0.70   0.000  0.000  17.412  0.280  52.9096 0.0005    6.4115 0.0003  88.46  0.05  52.9071 0.0011    6.3699 0.0004  84.33  0.13   13.8  264.3   34.6  87.2    2.4    0.8   0.31  _003071_000327
00043  2022-03-22 22:12:34.33  0.00  0.44  202.31  0.35  17.13  0.71  39.86  0.27   0.172  0.012   5.608  0.112  51.1947 0.0009    5.8349 0.0011  94.83  0.11  51.2452 0.0008    5.6895 0.0011  84.28  0.10    9.1  298.9   48.2  88.8    1.2   -0.3   0.58  _003816_000816
00044  2022-03-22 22:13:09.25 -0.09  0.84  267.41  0.80  82.66  0.03  20.85  0.03   0.644  0.002   1.224  0.016  50.1947 0.0002    5.4830 0.0001  87.34  0.02  50.0872 0.0001    5.4526 0.0001  73.97  0.01   30.8  190.3   42.7  76.8    1.7   -1.0   0.79  _003837_003818_003831
00045  2022-03-22 22:13:38.91 -0.04  0.28  189.51  0.11   0.74  0.35  28.78  0.08   0.000  0.000  30.970  0.124  52.8175 0.0002    6.0224 0.0002  91.45  0.02  52.8710 0.0004    5.9584 0.0004  86.73  0.04   12.7  324.1   57.7  88.4    1.8    0.8   0.65  _000329_003071
00046  2022-03-22 22:16:07.59 -0.18  0.32  351.51  1.02 -78.83  0.12   0.85  0.01  10.215  0.016   1.281  0.011  51.1263 0.0001    3.4868 0.0002  77.19  0.03  51.0978 0.0002    3.4824 0.0003  71.16  0.05   27.8    5.5  151.9  74.6    3.2    2.1   0.43  _003851_003890
00047  2022-03-22 22:22:47.17  0.00  0.64  166.74  0.22  42.22  0.33  27.69  0.13   7.136  0.018   0.689  0.005  52.9772 0.0005    7.8887 0.0006  91.15  0.07  52.9998 0.0002    7.8815 0.0003  77.72  0.03   39.0  349.1   10.9  80.1    2.6    1.5   0.82  _003100_003801
00048  2022-03-22 22:25:43.25 -0.06  0.48  128.52  0.18  31.38  0.11  16.26  0.09   4.451  0.010   0.781  0.014  50.1744 0.0002    4.8160 0.0002  74.37  0.02  50.1870 0.0003    4.8586 0.0001  68.71  0.03   32.6   65.2   31.0  72.9    2.3   -0.0   0.25  _000379_003893_003814
00049  2022-03-22 22:28:40.32 -0.04  0.80  273.89  0.07  62.12  0.03  28.91  0.02   0.001  0.000   7.991  0.023  52.0465 0.0001    5.2997 0.0001 100.50  0.00  51.9045 0.0002    5.1515 0.0002  86.46  0.02   83.8  212.7   53.7  92.7    0.7   -1.6   0.55  _000328_003816_003162_003035_000382_003800
00050  2022-03-22 22:29:39.12  0.00  0.49  294.57  1.01  66.07  0.13  29.64  0.11   0.001  0.000  12.693  0.058  50.2255 0.0004    6.6671 0.0004 101.91  0.04  50.1280 0.0004    6.6072 0.0006  94.42  0.04   16.9  201.5   57.7  96.8    1.7   -0.1   0.68  _003818_003831
00051  2022-03-22 22:30:04.75 -0.18  0.18  215.62  0.11  25.06  0.11  41.88  0.16   0.048  0.007  14.126  0.331  51.3514 0.0002    5.4903 0.0003 102.58  0.02  51.3733 0.0002    5.3412 0.0006  92.62  0.04   78.3  283.2   47.4  96.9    0.9   -0.5   0.57  _000328_003816_000816_003164
00052  2022-03-22 22:31:29.53 -0.03  0.38  142.54  0.19  24.24  0.53  16.31  0.12   0.428  0.007   2.960  0.110  50.9052 0.0003    4.4252 0.0003  79.56  0.03  50.9256 0.0003    4.4502 0.0003  74.70  0.05   22.2   37.8   30.9  76.5    2.7    0.7   0.62  _003826_003825_003821
00053  2022-03-22 22:34:13.98  0.00  0.65  109.44  1.09  63.37  0.15  16.75  0.06   1.018  0.010   1.740  0.018  50.4531 0.0002    6.1183 0.0003  88.86  0.02  50.4242 0.0002    6.1631 0.0004  81.46  0.05   19.8  135.4   31.8  84.5    2.6    0.5   0.60  _003818_003831
00054  2022-03-22 22:40:20.23  0.00  0.10  178.72  0.84   9.68  0.93  22.87  0.28   0.000  0.003  15.642  0.446  51.7248 0.0001    4.5135 0.0003  87.34  0.04  51.7383 0.0002    4.5057 0.0004  85.63  0.05   39.8  340.2   43.5  87.1    3.9    2.5   0.15  _003035_003834
00055  2022-03-22 22:41:42.85 -0.03  0.61  167.58  0.13  56.67  0.13  19.74  0.04   3.186  0.009   0.620  0.011  53.1157 0.0001    7.3899 0.0001  85.01  0.02  53.1096 0.0001    7.3909 0.0001  73.83  0.02   58.0  174.2    3.6  77.2    1.6   -0.7   0.70  _003100_003801
00056  2022-03-22 22:43:14.31 -0.08  0.72  192.35  0.02   4.73  0.04  30.10  0.02   0.087  0.002   3.134  0.031  50.6065 0.0001    5.2671 0.0001  98.95  0.01  50.7397 0.0001    5.1245 0.0001  84.13  0.01   59.6  325.7   50.9  92.1    1.7   -0.9   0.46  _000815_003820_003814
00057  2022-03-22 22:50:02.31  0.00  0.53  205.87  0.00  -4.64  0.00  41.53  0.00   0.000  0.000  33.838  0.000  53.7445 0.0000    7.0401 0.0000 100.97  0.00  53.8793 0.0000    6.8491 0.0000  92.01  0.00   31.7  319.9   65.8  95.4   -0.9   -2.7   0.62  _003801_003101_003199
00058  2022-03-22 22:54:33.98 -0.20  0.72  275.73  0.03  57.74  0.02  31.41  0.00   0.000  0.000  18.723  0.001  50.8315 0.0000    6.0115 0.0001 102.18  0.01  50.6704 0.0001    5.8100 0.0001  86.35  0.01   58.2  218.4   55.8  90.1    0.5   -1.9   0.76  _003820_003832_003814_003831
00059  2022-03-22 22:55:05.90 -0.05  0.14  174.19  0.53  -5.62  0.69  15.26  0.14   0.000  0.004   8.618  0.304  52.8044 0.0003    6.3214 0.0004  77.55  0.06  52.8262 0.0004    6.3187 0.0003  76.04  0.06    6.4  355.7   58.5  76.8    3.9    2.5   0.52  _000327_003071
00060  2022-03-22 23:01:28.02  0.00  1.20    4.97  0.30  79.51  0.06  17.69  0.02   0.003  0.000   3.875  0.023  51.4230 0.0001    3.7520 0.0002  91.73  0.01  51.2840 0.0002    3.7663 0.0002  77.99  0.02   35.2  176.3   48.9  81.4    2.4   -0.1   0.75  _003826_003821_003819_003851
00061  2022-03-22 23:04:24.56  0.00  2.92   19.98  0.25   6.01  0.56  18.94  0.13   2.801  0.031   1.077  0.005  52.1435 0.0008    5.5525 0.0027  97.27  0.10  52.1897 0.0048    5.5063 0.0059  94.08  0.31   72.3  148.4  117.1  98.6    1.9    1.1   0.42  _000328_000811_003162
00062  2022-03-22 23:04:32.64 -0.10  0.74  238.05  0.02   2.81  0.02  60.52  0.01   0.086  0.001   3.661  0.004  51.8082 0.0001    5.5057 0.0000 115.50  0.01  51.9335 0.0001    4.8576 0.0001 101.28  0.01   85.9  287.1   73.6 108.2   -1.9   -3.8   0.51  _000328_003816_003162_003836_000816_000382_003035_000812_003800_003032_003035_000324
00063  2022-03-22 23:05:27.21  0.00  4.44    4.85  0.37   7.79  0.38  10.51  0.14   1.060  0.027   0.895  0.006  50.3577 0.0009    6.3638 0.0062  94.64  0.07  50.4219 0.0048    6.3396 0.0069  90.08  0.36   31.2  166.4  120.9  93.1    2.3    0.5   0.33  _003832_003818_003831
00064  2022-03-22 23:09:17.97  0.00  0.77  238.86  0.02  -6.55  0.03  62.40  0.02   5.199  0.009   0.009  0.005  50.8816 0.0001    3.2660 0.0002 103.41  0.01  51.0345 0.0001    2.6446 0.0003  96.46  0.02   42.6  291.0   81.9 100.4    1.1   -1.0   0.43  _003825_003821_003890_003891
00065  2022-03-22 23:11:45.09 -0.17  0.55  159.69  0.15  17.66  0.22  15.13  0.05   0.001  0.000  11.487  0.253  50.6979 0.0002    4.1054 0.0002  87.48  0.02  50.7455 0.0003    4.1354 0.0003  79.11  0.06   22.8   21.8   34.6  83.5    2.8    0.2   0.48  _003826_003825_003821
00066  2022-03-22 23:12:25.84 -0.02  0.52  249.84  0.08  71.94  0.01  22.25  0.02   0.000  0.000  22.860  0.015  50.6250 0.0000    5.2898 0.0000  95.31  0.00  50.5671 0.0001    5.2397 0.0001  85.94  0.02   45.3  208.8   38.6  91.7    2.0   -0.0   0.38  _000815_003837_003814
00067  2022-03-22 23:17:25.61  0.00  1.57  128.95  0.05  27.64  0.09  14.40  0.02   0.147  0.004   0.939  0.024  53.4562 0.0002    8.0770 0.0002  79.21  0.02  53.4935 0.0002    8.2968 0.0002  63.34  0.02   40.8   74.2   44.1  65.8   -0.2   -3.4   0.85  _003801_003199
00068  2022-03-22 23:20:39.24  0.00  0.76  280.09  0.00  39.79  0.00  44.28  0.00   0.000  0.000  16.042  0.000  51.4754 0.0000    4.6096 0.0000 105.75  0.00  51.3139 0.0001    4.2645 0.0003  93.40  0.01   88.7  233.1   68.1  98.4    0.1   -2.5   0.60  _003825_003816_003165_003814
00069  2022-03-22 23:21:31.78  0.00  0.41  170.55  0.39  39.66  0.16  13.44  0.06   0.000  0.001   5.687  0.202  51.8815 0.0001    3.6093 0.0002  73.41  0.01  51.8919 0.0001    3.6135 0.0003  67.98  0.02   73.7   13.9   12.5  72.1    2.7    0.3   0.24  _003160_003835_003160
00070  2022-03-22 23:26:00.85 -0.03  0.20  196.98  0.54  38.99  0.55  18.49  0.16   0.001  0.000  34.549  0.298  50.7142 0.0001    4.0946 0.0001  81.38  0.02  50.7195 0.0002    4.0805 0.0003  77.94  0.05   19.5  300.5   18.8  80.1    2.4    1.4   0.36  _003825_003826
00071  2022-03-22 23:29:15.05 -0.18  3.33   46.90  0.01  38.64  0.01  17.72  0.00   4.356  0.002   0.361  0.000  51.6066 0.0000    5.1467 0.0001  87.54  0.00  51.2423 0.0001    5.5792 0.0001  78.81  0.01   59.6  143.6   80.6  79.9    1.7   -2.3   0.87  _003836_000382_003164_000382_003816
00072  2022-03-22 23:32:12.10 -0.03  0.33  206.15  1.03  42.32  0.19  30.57  0.11   0.563  0.040   0.002  0.124  50.4163 0.0003    2.3502 0.0011  93.53  0.06  50.4225 0.0006    2.2932 0.0020  83.34  0.09    7.9  279.5   22.3  88.0    2.5    0.8   0.54  _000393_003891
00073  2022-03-22 23:33:30.36 -0.22  0.18  187.93  0.32  41.86  0.15  23.63  0.15   0.936  0.020   2.313  0.120  50.4019 0.0003    4.0946 0.0010  87.55  0.06  50.4127 0.0002    4.0790 0.0007  79.02  0.04   89.2  317.2   11.0  81.3    2.1    0.9   0.73  _000814_000380_003821_003892_003892_003817
00074  2022-03-22 23:44:38.59 -0.05  0.52   93.38  1.77  86.44  0.22  16.36  0.08   0.036  0.002   6.526  0.073  51.2512 0.0002    5.4626 0.0002  79.83  0.02  51.2057 0.0004    5.4698 0.0003  73.43  0.04   44.5  174.3   38.9  76.8    1.9    0.2   0.48  _003816_003833
00075  2022-03-22 23:50:03.53 -0.01  0.26  128.61  1.31  78.95  0.46  22.06  0.26   0.233  0.009   4.875  0.347  50.8898 0.0002    2.8025 0.0003  91.27  0.03  50.8647 0.0002    2.8139 0.0004  86.80  0.03   44.3  164.0   33.3  89.6    3.3    1.2   0.38  _003037_003891
00076  2022-03-22 23:51:59.85 -0.02  0.33  239.97  0.08  31.53  0.14  43.18  0.07   0.001  0.000  18.839  0.394  50.7997 0.0001    3.9326 0.0002 103.75  0.02  50.8027 0.0001    3.7872 0.0003  93.72  0.03   87.0  271.8   46.1  99.5    1.3   -0.3   0.42  _003825_003826_003034_003821
00077  2022-03-22 23:54:11.17 -0.05  0.67  200.85  0.02  -4.09  0.02  35.88  0.01   0.000  0.000  11.175  0.010  50.3669 0.0001    3.0982 0.0000 100.62  0.00  50.5412 0.0001    2.9848 0.0001  86.73  0.01   37.6  337.4   57.0  92.8    1.7   -0.7   0.57  _003826_003037_000393_000394_003817_003891
00078  2022-03-22 23:58:16.13  0.00  0.23  177.98  1.35  70.47  0.41  16.42  0.19   0.000  0.017   3.321  0.387  52.9670 0.0002    7.2157 0.0002  81.90  0.02  52.9569 0.0002    7.2186 0.0003  78.33  0.03   85.7  170.0   18.0  80.2    2.1    1.0   0.48  _003100_003801
00079  2022-03-22 23:59:29.55 -0.06  0.40  188.25  0.08  20.43  0.14  22.31  0.05   0.003  0.000  11.982  0.033  50.6681 0.0001    4.8081 0.0001  85.71  0.01  50.7122 0.0001    4.8011 0.0001  77.18  0.03   74.5  354.2   30.4  81.7    1.8    0.4   0.47  _000815_003820_003821_003817_003814
00080  2022-03-22 23:59:51.61 -0.09  0.37  187.11  0.29  57.24  0.23  19.71  0.14   1.026  0.059   1.343  0.086  50.3486 0.0007    4.6774 0.0011  88.76  0.12  50.3398 0.0008    4.6752 0.0009  80.53  0.11   40.6  188.9    7.0  83.4    2.6    1.3   0.65  _000815_003893_003814
00081  2022-03-23 00:00:45.05 -0.06  0.14  266.32  0.23   7.60  0.16  68.09  0.23   2.324  0.017   2.869  0.097  50.0783 0.0002    6.7299 0.0003 111.03  0.02  50.0847 0.0003    6.5687 0.0005 108.35  0.03    6.2  273.5   77.2 109.4    0.8   -0.5   0.60  _003837_003818_003831
00082  2022-03-23 00:06:00.59 -0.23  0.26  165.50  0.20  30.72  0.24  18.01  0.18   0.048  0.006   9.057  0.308  50.3687 0.0002    4.5467 0.0003  88.05  0.05  50.3903 0.0002    4.5824 0.0003  80.51  0.04   16.6   46.6   25.2  83.4    3.1    1.4   0.62  _000815_003893_003817
00083  2022-03-23 00:09:35.15  0.00  0.34  210.10  0.01  22.59  0.07  31.22  0.02   0.000  0.000  33.455  0.001  50.5573 0.0000    3.6971 0.0001  96.75  0.00  50.5948 0.0001    3.6440 0.0001  88.13  0.02   16.0  318.0   33.5  90.1    2.1    0.9   0.77  _003826_003825_003817
00084  2022-03-23 00:11:29.62 -19.62  0.78   12.95  2.56 -14.47  0.29   1.58  0.07  24.860  0.193   0.709  0.005  50.4633 0.0096    2.4281 0.0161  82.60  1.58  50.5199 0.0034    2.4096 0.0250  75.62  0.52   28.2  168.3  143.5  81.4    2.0   -0.8   0.17  _003826_000393_000394_003891
00085  2022-03-23 00:12:58.96  0.00  1.01  247.27  0.43  -2.75  0.31  70.82  3.49   0.252  0.114   3.773  0.714  50.8830 0.0020    3.4061 0.0092 114.93  0.40  51.1035 0.0102    2.6694 0.0392  98.47  1.02   51.3  295.1   74.5 105.4   -0.9   -3.2   0.58  _003825_003826_003037_003819_003821_003890_003891_003825_003817
00086  2022-03-23 00:15:36.39 -0.22  0.38  260.24  0.04  42.97  0.04  40.40  0.02   0.000  0.000  24.950  0.022  51.4201 0.0001    6.0015 0.0000  99.09  0.01  51.3721 0.0001    5.7720 0.0003  82.85  0.02   80.5  251.4   46.5  84.1   -0.3   -2.1   0.93  _000328_003816_000816_003164_000381_003814
00087  2022-03-23 00:16:24.81 -0.05  0.32  182.89  0.17  27.58  0.59  21.54  0.18   0.145  0.010   5.599  0.097  50.8809 0.0003    4.6859 0.0002  91.43  0.03  50.9055 0.0004    4.6957 0.0002  84.94  0.04   24.1   14.1   23.8  86.8    2.8    1.0   0.71  _003825_003821
00088  2022-03-23 00:21:13.94  0.00  0.65  263.59  0.18  60.92  0.28  12.73  0.06   0.000  0.000   9.889  0.071  52.8992 0.0002    7.2846 0.0002  80.64  0.03  52.8706 0.0003    7.2302 0.0002  74.21  0.04   46.7  229.0   37.4  78.1    2.9    1.3   0.39  _003100_003801
00089  2022-03-23 00:26:49.35 -0.05  0.52  200.52  0.03   8.56  0.04  34.55  0.03   0.002  0.001   5.553  0.013  51.3999 0.0001    5.5078 0.0001 102.74  0.01  51.5177 0.0001    5.4701 0.0001  88.38  0.01   80.2  348.7   43.4  92.9    1.7    0.1   0.68  _000328_003816_000382_003164_003833
00090  2022-03-23 00:34:26.91  0.00  0.30  238.86  0.00  -6.40  0.00  54.28  0.00   0.000  0.000  70.955  0.000  51.0972 0.0000    5.1720 0.0000  98.79  0.00  51.1860 0.0000    5.0130 0.0000  93.02  0.00   10.7  311.5   69.2  95.6    1.8    1.1   0.55  _003033_003820
00091  2022-03-23 00:39:11.45  0.00  0.24  249.10  0.37  43.52  0.31  46.47  1.32   0.022  0.006  15.135  1.039  52.0003 0.0002    4.6623 0.0004 100.04  0.04  51.9921 0.0006    4.5754 0.0007  91.77  0.07   31.0  261.3   36.5  98.5    3.1    1.0   0.18  _003032_003834_003030
00092  2022-03-23 00:44:00.38  0.00  0.48  256.98  0.04   8.80  0.05  63.62  0.10   0.031  0.003   5.493  0.149  50.0182 0.0001    3.9242 0.0003 104.21  0.01  50.0878 0.0001    3.5634 0.0004  91.62  0.02   46.2  286.5   65.4  95.7   -0.7   -2.2   0.67  _000814_003892_003817
00093  2022-03-23 00:47:09.94 -0.04  0.44  256.08  0.01  19.64  0.01  57.04  0.00   0.000  0.000  20.731  0.000  51.0601 0.0000    2.8999 0.0000 103.00  0.00  51.0940 0.0000    2.5909 0.0003  88.38  0.01   58.5  279.8   56.9  95.3   -1.7   -3.6   0.52  _003826_003037_000394_003821_003819_003890_003825_003036
00094  2022-03-23 00:59:59.20  0.00  0.44  151.35  0.31  45.79  0.46  14.78  0.08   0.950  0.009   0.644  0.054  52.7165 0.0002    5.6278 0.0003  88.17  0.02  52.7123 0.0002    5.6760 0.0003  82.95  0.02   79.4   98.2   32.6  86.5    2.6    0.2   0.32  _003166_003073_003071
00095  2022-03-23 01:05:48.72 -0.01  0.43  258.78  0.02  32.46  0.02  54.64  0.05   1.264  0.010   1.976  0.017  52.5965 0.0001    5.2649 0.0002 110.64  0.01  52.6049 0.0000    5.0355 0.0003  94.78  0.02   78.8  273.4   45.0 101.8   -2.5   -3.8   0.56  _000378_000803_003030_003073_000322_003834_003800_003830
00096  2022-03-23 01:08:09.61  0.00  0.19  261.92  0.11  22.44  0.17  53.28  0.18   0.035  0.010   1.055  0.171  52.3057 0.0001    5.7960 0.0002  96.52  0.02  52.3192 0.0001    5.6779 0.0004  90.34  0.02   80.3  280.5   53.4  94.5    1.6    0.7   0.33  _000803_000323_000811_003830
00097  2022-03-23 01:12:58.34 -0.11  0.37  258.36  0.03   0.15  0.04  68.11  0.05   0.096  0.004   5.622  0.033  51.5639 0.0001    5.9810 0.0002 112.11  0.01  51.6933 0.0001    5.6173 0.0002 100.42  0.01   86.7  299.6   68.5 104.4   -0.3   -2.0   0.66  _000328_003816_000816_000811_000382_003833
00098  2022-03-23 01:13:40.20  0.00  0.15  243.92  0.07  34.83  0.07  43.67  0.06   0.000  0.000  82.300  0.002  53.0791 0.0001    7.5513 0.0001  92.63  0.01  53.0882 0.0001    7.5087 0.0001  87.71  0.02   42.9  289.6   32.0  90.2    0.7   -0.0   0.49  _003100_003801
00099  2022-03-23 01:15:27.56  0.00  0.26  172.29  0.84  54.13  0.72  16.69  0.28   0.113  0.008   8.507  0.153  50.9849 0.0002    2.8104 0.0003  76.49  0.02  50.9814 0.0002    2.8244 0.0005  73.24  0.04   36.7  111.6   18.3  75.0    3.4    1.2   0.45  _003037_003890
00100  2022-03-23 01:15:43.16  0.00  0.32  262.77  0.43  61.66  0.21  37.79  2.78   0.039  0.023  11.562  1.291  51.7776 0.0003    3.9838 0.0003  97.65  0.07  51.7441 0.0010    3.9218 0.0019  88.70  0.17   77.2  229.0   32.8  89.4    2.8    0.3   0.92  _003032_003835
00101  2022-03-23 01:19:29.99 -0.00  0.20  217.80  0.43  -8.94  0.40  46.04  0.29   0.022  0.003  14.706  0.207  52.4232 0.0001    5.2937 0.0004  92.32  0.03  52.4904 0.0004    5.2672 0.0010  88.22  0.06    9.6  346.4   62.3  90.7    2.9    1.0   0.39  _003073_000322
00102  2022-03-23 01:22:14.40  0.00  0.24  243.40  0.12  -1.25  0.10  62.60  0.07   0.000  0.000  37.777  0.010  52.3948 0.0001    5.3205 0.0002 105.39  0.01  52.4798 0.0001    5.1909 0.0004  98.41  0.03   13.3  316.9   62.1 101.3    2.7    0.4   0.58  _003073_000322
00103  2022-03-23 01:22:43.73  0.00  1.13    3.67  0.28  76.01  0.06  17.90  0.06   0.056  0.005   2.425  0.066  50.3613 0.0001    6.1091 0.0002  91.73  0.02  50.2246 0.0003    6.0829 0.0002  79.93  0.04   28.4  187.0   52.8  84.8    3.0    0.3   0.58  _003818_003814
00104  2022-03-23 01:22:51.45 -0.01  0.32  268.37  0.31  44.54  0.18  37.71  0.14   0.006  0.001  12.982  0.138  50.0621 0.0003    5.6734 0.0003 100.44  0.03  50.0418 0.0003    5.5692 0.0005  91.30  0.05   26.5  253.1   40.9  93.5    2.3    0.5   0.76  _003837_003818
00105  2022-03-23 01:23:10.19  0.00  0.54  150.91  0.08 -11.19  0.22  15.67  0.08   0.003  0.001   7.812  0.428  51.4012 0.0001    2.4035 0.0003  81.85  0.02  51.4440 0.0001    2.4953 0.0005  80.05  0.03   36.8   53.3   77.5  81.5    3.1    0.8   0.17  _003036_003890
00106  2022-03-23 01:28:30.26 -0.08  3.04   25.04  0.01  47.83  0.01  15.39  0.00   0.000  0.000   2.962  0.000  50.8866 0.0000    4.3412 0.0000  86.39  0.01  50.4880 0.0002    4.3267 0.0001  79.61  0.00   32.7  181.3   81.7  85.3    2.4   -0.7   0.16  _003825_003819_003817_003821_003821
00107  2022-03-23 01:32:11.71  0.00  0.57  197.24  0.06   6.69  0.05  29.14  0.02   1.747  0.003   0.476  0.011  51.0881 0.0001    6.1699 0.0003  97.26  0.01  51.1853 0.0001    6.2187 0.0002  86.03  0.01   21.7   17.6   45.7  89.9    2.5    0.6   0.66  _003816_000381_003833
00108  2022-03-23 01:32:39.11 -0.03  0.41  152.10  0.57   1.32  0.91  16.10  0.16   0.127  0.007   4.861  0.127  51.1803 0.0006    3.8362 0.0005  82.16  0.04  51.2040 0.0008    3.9090 0.0008  79.83  0.06    8.0   62.6   68.1  80.7    1.7    0.3   0.62  _003825_003821
00109  2022-03-23 01:37:56.89  0.00  0.24  191.55  0.43  33.92  0.30  21.30  0.13   0.601  0.015   1.548  0.139  51.8158 0.0001    3.0372 0.0003  82.88  0.02  51.8279 0.0001    3.0536 0.0004  78.37  0.02   60.0   40.1   21.5  80.2    0.5   -0.9   0.60  _003160_003835
00110  2022-03-23 01:45:22.75 -0.03  0.20  187.67  0.24 -15.16  0.14  26.76  0.13   0.000  0.000  42.671  0.005  51.6971 0.0001    6.3518 0.0002  89.33  0.01  51.7416 0.0003    6.3871 0.0002  87.35  0.03   53.1   26.3   70.5  88.7    2.8    1.1   0.32  _000328_003167
00111  2022-03-23 01:48:21.00  0.00  0.20  226.25  0.17  22.55  0.28  45.43  0.14   0.061  0.005   8.987  0.246  52.7999 0.0003    7.6089 0.0003  90.31  0.04  52.8381 0.0003    7.5862 0.0004  82.82  0.04   42.2  340.2   31.4  87.4   -0.5   -1.7   0.38  _003100_003072_000326_003199
00112  2022-03-23 01:51:09.84  0.00  0.32  228.31  0.25  14.06  0.73  62.56  0.35   6.440  0.024   1.355  0.040  53.8227 0.0006    6.5710 0.0007 106.22  0.05  53.9131 0.0013    6.5153 0.0008  93.79  0.07   24.1  340.0   41.2  99.5    0.9   -0.1   0.54  _003101_003801
00113  2022-03-23 01:51:16.32 -0.01  0.21  289.80  0.00  45.88  0.00  36.59  0.00   0.000  0.000 163.291  0.000  53.2316 0.0000    6.7771 0.0000  90.97  0.00  53.2124 0.0000    6.7009 0.0000  85.70  0.00   32.0  247.1   46.8  88.5    0.4   -0.7   0.48  _003101_003801_003199
00114  2022-03-23 01:51:38.32 -0.05  0.42  260.39  0.23  44.08  0.05  42.22  0.06   0.001  0.000  11.208  0.072  50.7505 0.0002    2.5951 0.0003 104.09  0.03  50.7367 0.0001    2.4439 0.0003  87.51  0.02   52.2  261.8   33.5  92.8    2.0   -0.8   0.68  _003826_003037_003891
00115  2022-03-23 01:54:35.98 -0.20  0.16  206.12  0.14  11.77  0.12  43.45  0.18   1.607  0.007   2.861  0.110  50.9216 0.0001    5.6722 0.0004  99.32  0.03  50.9985 0.0002    5.7013 0.0003  88.62  0.03   52.9   13.5   39.9  92.1    0.9   -0.2   0.67  _003816_003832_003814
00116  2022-03-23 02:14:06.31  0.00  0.79  185.51  0.16  -2.09  0.15  28.35  0.07   0.007  0.002   4.680  0.081  49.7220 0.0003    5.6785 0.0005  96.41  0.02  49.8496 0.0005    5.8484 0.0005  85.28  0.03   68.6   40.8   59.8  88.3    1.2   -1.4   0.73  _003837_003901
00117  2022-03-23 02:14:44.94 -0.05  0.43   29.08  0.08  83.11  0.01  15.76  0.00   0.000  0.000  29.597  0.001  50.5689 0.0000    3.6473 0.0000  81.18  0.00  50.5246 0.0001    3.6455 0.0000  76.41  0.02    9.9  181.5   46.3  77.2    2.6    0.5   0.82  _003826_003825
00118  2022-03-23 02:16:57.53 -0.20  0.26  176.99  0.21   5.22  0.13  24.27  0.23   0.934  0.011   2.363  0.175  50.1772 0.0002    4.9393 0.0002  84.87  0.04  50.2218 0.0002    5.0326 0.0002  79.51  0.02   85.4   53.4   57.5  80.8    1.6   -0.2   0.75  _003837_000379_003814
00119  2022-03-23 02:19:15.26  0.00  0.20  299.19  0.23  47.89  0.32  39.25  0.14   0.147  0.010   4.345  0.202  50.8845 0.0002    3.8160 0.0003  91.57  0.02  50.8585 0.0002    3.7445 0.0003  86.56  0.02   84.3  240.2   49.6  89.5    1.4    0.3   0.42  _003825_003826_003034
00120  2022-03-23 02:23:09.55 -0.11  0.27  258.94  0.03  -1.78  0.61  66.21  0.06   0.000  0.000  32.188  0.136  52.2532 0.0006    3.7312 0.0002 110.74  0.09  52.3937 0.0011    3.5040 0.0003  99.46  0.13    7.6  315.2   63.3 105.1    0.8   -0.6   0.50  _000378_003031
00121  2022-03-23 02:25:00.14 -0.20  0.65  200.98  0.03 -17.16  0.02  44.30  0.01   0.003  0.000   8.690  0.022  50.7399 0.0000    2.3394 0.0001  97.20  0.01  51.0317 0.0002    2.4944 0.0002  84.49  0.01   20.2   18.6   70.1  87.6   -1.6   -3.5   0.75  _003826_000393_000394_003037_003825_003891
00122  2022-03-23 02:32:24.57 -0.03  0.19  236.66  0.29  42.65  0.22  38.91  0.15   0.005  0.008   4.091  0.310  51.6685 0.0001    3.1838 0.0003 102.23  0.03  51.6789 0.0002    3.1609 0.0002  93.91  0.02   69.5  306.2   13.5  97.2    1.9    0.2   0.60  _003835_003160_003851
00123  2022-03-23 02:39:18.84  0.00  0.35  270.50  0.28  30.29  0.36  44.86  0.18   4.411  0.023   0.007  0.037  49.8271 0.0006    6.5841 0.0004 105.25  0.05  49.8484 0.0007    6.4558 0.0007  92.82  0.07   19.0  284.4   38.0 101.0    2.0   -0.3   0.34  _003901_003818
00124  2022-03-23 02:39:37.53 -0.03  0.14  247.89  0.43  34.61  0.36  47.17  0.63   0.004  0.005  18.967  0.343  49.9199 0.0004    4.8549 0.0004  97.33  0.05  49.9350 0.0005    4.8207 0.0003  90.06  0.07   27.2  304.3   22.5  93.9    2.4    0.7   0.47  _000379_003893
00125  2022-03-23 02:41:06.97  0.00  0.18  246.32  0.34  47.32  0.27  35.48  0.39   0.002  0.002  18.397  0.351  51.6550 0.0002    4.8991 0.0004  97.22  0.04  51.6574 0.0001    4.8774 0.0003  91.01  0.04   82.6  279.9   14.0  91.7    3.5    1.8   0.89  _003035_003834
00126  2022-03-23 02:44:22.17 -0.25  2.34  167.12  0.01  17.43  0.01  18.76  0.01   0.105  0.001   1.589  0.003  50.2377 0.0000    3.5932 0.0001  86.33  0.01  50.3138 0.0001    4.0926 0.0002  61.93  0.01   63.9   76.8   56.8  67.6    1.1   -2.6   0.77  _000380_000814_003853_003892_003853_003814_003821_003817_003814
00127  2022-03-23 02:44:54.73  0.00  0.30  259.97  0.12   4.61  0.11  66.57  0.29   0.170  0.018   5.514  0.255  50.0101 0.0002    3.9311 0.0003 113.34  0.03  50.1100 0.0001    3.7807 0.0004 101.83  0.02   36.9  315.8   53.9 106.9   -0.3   -1.3   0.56  _000814_003892_003817
00128  2022-03-23 02:49:16.08  0.00  0.16  257.73  0.66  56.98  0.44  31.76  0.25   0.000  0.000  29.798  0.437  52.3260 0.0002    5.3711 0.0003  93.63  0.03  52.3199 0.0003    5.3518 0.0003  88.88  0.05   80.7  242.9   17.5  91.2    2.0    1.6   0.51  _000328_000811
00129  2022-03-23 02:52:07.34  0.00  0.52  193.52  0.02   1.34  0.00  29.64  0.00   0.000  0.000  25.035  0.000  53.5953 0.0000    7.9459 0.0000  84.85  0.00  53.6788 0.0001    8.0859 0.0001  77.48  0.01   46.3   44.9   61.0  81.4   -1.6   -3.8   0.47  _003801_003199
00130  2022-03-23 02:53:16.05 -0.03  0.14  273.99  0.00  57.16  0.00  30.44  0.00   0.000  0.000 222.225  0.000  50.0746 0.0000    3.5745 0.0000  87.07  0.00  50.0633 0.0000    3.5471 0.0000  82.60  0.00   57.6  237.2   27.9  86.0   -0.6   -1.1   0.24  _000814_003892_003817
00131  2022-03-23 02:53:29.06  0.00  0.20  283.62  0.20  26.08  0.56  51.40  0.32   0.000  0.001  14.518  0.327  50.9796 0.0006    4.5077 0.0003 109.74  0.09  50.9908 0.0005    4.3995 0.0003 102.78  0.07   13.2  279.3   48.4 107.0    1.1   -0.1   0.40  _003825_000815_003821
00132  2022-03-23 02:53:58.45 -0.02  0.12  263.67  0.45  16.87  0.35  57.98  0.55   0.907  0.043   0.002  0.334  49.9067 0.0008    4.9659 0.0002 107.18  0.06  49.9367 0.0007    4.9051 0.0003 101.23  0.09   19.4  307.3   43.2 103.0    2.8    0.9   0.69  _000379_003893
00133  2022-03-23 03:04:54.59 -0.04  0.24  129.13  0.00  86.35  0.00  16.51  0.00   0.000  0.000 133.625  0.000  51.2835 0.0000    4.6189 0.0000  78.82  0.00  51.2581 0.0000    4.6228 0.0000  75.36  0.00   47.3  174.4   39.7  78.3    2.4    0.4   0.14  _003033_003165
00134  2022-03-23 03:05:53.55 -0.05  0.32  241.02  0.31  48.21  0.24  37.24  0.10   0.022  0.000  13.251  0.041  50.9848 0.0002    3.5235 0.0003 106.40  0.03  50.9891 0.0003    3.5028 0.0005  94.27  0.05   77.5  288.3    7.3  98.8    0.5   -0.9   0.62  _003825_003826_003819_003817_003821_003853
00135  2022-03-23 03:18:49.41  0.00  0.20  267.88  0.12  12.80  0.21  60.69  0.34   0.197  0.055   0.000  0.418  51.9634 0.0007    6.4227 0.0009 111.66  0.08  52.0180 0.0006    6.3369 0.0011 103.49  0.10   66.1  315.9   46.5 107.6    1.7   -0.4   0.50  _000811_003167_003162
00136  2022-03-23 03:20:50.10  0.00  0.29  188.55  0.62   8.84  0.79  23.22  0.10   3.426  0.014   0.002  0.032  51.3341 0.0002    5.7364 0.0005  88.28  0.04  51.3593 0.0002    5.8069 0.0007  84.67  0.06   20.6   60.3   57.8  86.5    2.4    0.5   0.48  _003833_000381
00137  2022-03-23 03:22:35.58 -0.10  0.46  265.35  0.00  47.11  0.01  36.39  0.01   0.000  0.000  27.551  0.000  52.0606 0.0000    5.8873 0.0000  98.61  0.00  52.0645 0.0000    5.7954 0.0001  79.85  0.03   85.0  273.9   18.9  88.2   -2.8   -4.7   0.55  _000378_000803_003800_003836_000811_003162_000323_000328_003830
00138  2022-03-23 03:23:17.87 -0.08  0.53  243.91  0.15  67.56  0.04  25.11  0.03   0.001  0.000  10.632  0.024  50.0232 0.0001    4.0062 0.0002  97.10  0.01  49.9830 0.0000    3.9947 0.0001  82.94  0.02   70.8  190.5   18.1  85.6    0.1   -1.8   0.81  _000814_003892_003814_003817
00139  2022-03-23 03:24:08.30 -0.02  0.29  268.01  0.05  30.12  0.15  54.02  0.34   0.004  0.000  20.148  0.024  50.1695 0.0003    5.8728 0.0005  97.98  0.05  50.2033 0.0003    5.7807 0.0005  84.89  0.05   57.8  299.7   30.4  88.7   -0.5   -1.5   0.71  _003837_003818_003831
00140  2022-03-23 03:25:38.42 -0.10  0.44  253.10  0.00 -18.53  0.00  70.17  0.00   0.000  0.000  53.406  0.000  51.3413 0.0000    5.7863 0.0000 117.37  0.00  51.6425 0.0000    5.6537 0.0000 105.40  0.00   87.9  344.6   71.5 110.6    0.3   -1.6   0.57  _000328_000816_000811_003164_000382_003833_000381
00141  2022-03-23 03:26:16.65  0.00  0.15  226.68  0.25  30.62  0.30  40.91  0.23   0.001  0.006   1.209  0.352  51.5558 0.0001    5.3082 0.0002  91.54  0.02  51.5746 0.0002    5.3222 0.0002  85.89  0.03   77.6   25.1   22.4  88.8    1.8    0.4   0.48  _003164_003035_003836_000382
00142  2022-03-23 03:26:43.24 -0.06  0.54  283.48  0.07   2.12  0.03  66.74  0.20   0.471  0.011   1.733  0.186  49.7209 0.0002    5.9782 0.0002 111.43  0.02  49.9005 0.0004    5.5926 0.0005  92.36  0.04   84.3  305.6   61.4  98.7   -0.0   -2.2   0.67  _003901_003837_003818_003837_003831
00143  2022-03-23 03:28:02.07 -0.02  0.33  255.85  0.39  59.54  0.11  30.82  0.10   0.062  0.003   8.152  0.155  50.2689 0.0001    3.5238 0.0002  99.11  0.01  50.2524 0.0001    3.5000 0.0003  89.35  0.03   61.9  222.9   14.6  95.4    1.6   -0.2   0.38  _003826_000814_000380_003821_003892_003817
00144  2022-03-23 03:30:54.94 -0.29  1.10  357.44  0.02  -0.77  0.09   0.07  0.00  49.229  0.069   0.376  0.000  50.0876 0.0002    4.6775 0.0002  93.47  0.02  50.1856 0.0002    5.0407 0.0004  83.70  0.03    9.0  247.4  108.7  88.1    3.2   -0.3   0.55  _000379_003893_003893
00145  2022-03-23 03:31:36.33  0.00  0.17  285.78  0.23  40.70  0.26  44.88  0.31   0.046  0.017   6.956  0.581  51.8252 0.0001    4.8035 0.0004  92.33  0.03  51.8252 0.0002    4.7443 0.0005  86.19  0.05   57.7  269.9   34.0  87.6    3.1    1.4   0.76  _003035_003834
00146  2022-03-23 03:31:47.95  0.00  0.34  240.23  0.12  34.28  0.07  53.83  0.11   6.006  0.014   1.334  0.017  50.2244 0.0001    5.5658 0.0002 102.72  0.02  50.2606 0.0002    5.5626 0.0002  88.44  0.03   53.6  356.7   16.0  93.0    2.7    0.8   0.68  _003837_003818_003831
00147  2022-03-23 03:32:31.09 -0.04  0.20  212.69  0.55  64.22  0.29  24.37  0.17   0.764  0.010   0.326  0.233  50.5189 0.0001    4.0356 0.0002  84.31  0.02  50.5050 0.0002    4.0506 0.0003  78.80  0.03   87.9  145.5   19.0  83.4    2.6    1.5   0.16  _000380_003821_003892
00148  2022-03-23 03:40:24.96 -0.10  0.39  280.72  0.00  29.78  0.00  52.00  0.00   0.000  0.000  50.705  0.000  51.3644 0.0000    3.7571 0.0000 111.13  0.00  51.4086 0.0000    3.5538 0.0000  91.21  0.00   62.9  289.1   37.4  97.5   -1.1   -3.1   0.68  _003826_003825_003835_003819_003821_003853_003851
00149  2022-03-23 03:46:42.53  0.00  2.83   98.15  0.14  73.64  0.04  16.91  0.02  37.204  0.022   0.000  0.000  52.5993 0.0002    5.7458 0.0004 128.29  0.03  52.2753 0.0003    5.8575 0.0003  98.61  0.02   53.4  168.1   51.8 112.6   -0.8   -1.9   0.53  _000803_000811_003800_003836_003830
00150  2022-03-23 03:51:57.01  0.00  1.55  133.05  0.99 -82.88  0.34   0.62  0.02  15.848  0.052   1.135  0.005  50.5226 0.0003    5.5849 0.0004  96.48  0.04  50.1232 0.0028    5.4645 0.0065  37.12  0.49    2.8   10.9  142.2  92.6    2.4    0.1   0.07  _003837_003814
00151  2022-03-23 03:53:01.40 -0.04  0.12  265.21  0.27  31.16  0.18  49.83  0.21   0.167  0.008  11.103  0.302  52.1224 0.0001    5.6685 0.0002  94.34  0.02  52.1431 0.0001    5.6362 0.0002  87.66  0.02   78.5  316.1   25.9  91.1    0.7    0.1   0.49  _000328_000803_000811_003162_003830
00152  2022-03-23 03:53:31.64  0.00  0.31  259.68  0.80  72.51  0.18  23.10  0.18   0.605  0.025   0.001  0.058  51.5710 0.0003    5.4623 0.0004  90.44  0.04  51.5478 0.0002    5.4542 0.0002  83.82  0.03   52.5  192.2   22.0  85.2    2.5    0.0   0.79  _003833_000382
00153  2022-03-23 03:53:35.65  0.00  0.18  267.00  0.17  11.35  0.17  62.60  0.37   2.308  0.038   0.000  0.059  51.6973 0.0003    6.2985 0.0007 110.69  0.05  51.7564 0.0004    6.2404 0.0007 102.59  0.05   45.4  328.5   44.1 107.0    2.7    0.7   0.46  _003167_000320
00154  2022-03-23 03:53:36.56 -0.00  0.71  307.85  0.00  12.32  0.00  54.90  0.00   0.000  0.000  18.158  0.000  50.7230 0.0000    3.1861 0.0000 110.20  0.00  50.7829 0.0000    2.7028 0.0001  93.96  0.00   64.0  280.9   65.5  99.9   -0.3   -2.9   0.63  _003825_003826_000380_003037_000393_003817_003821_003891_000394
00155  2022-03-23 03:54:49.88 -0.09  2.16    8.28  0.02  43.78  0.04  18.27  0.04   0.038  0.008   1.228  0.135  50.3336 0.0001    3.1344 0.0003  85.67  0.01  50.0572 0.0002    2.8072 0.0003  75.12  0.01   84.9  217.1   75.1  76.7    0.7   -3.0   0.85  _000394_000393_003853_003817
00156  2022-03-23 03:58:29.29  0.00  0.20  267.18  0.14  19.20  0.13  60.45  0.27   0.000  0.000  20.944  0.144  51.1980 0.0002    5.0798 0.0008 105.34  0.05  51.2495 0.0002    5.0192 0.0007  95.51  0.05   83.0  323.6   36.4  97.6    2.3    0.7   0.79  _003033_000815
00157  2022-03-23 04:05:08.59 -0.00  0.33  258.99  0.08  -6.45  0.27  67.03  0.21   0.006  0.001  11.753  0.401  51.3700 0.0006    4.2776 0.0004 112.18  0.06  51.5288 0.0007    4.2099 0.0003 100.98  0.05   16.0  345.1   59.0 105.1    0.1   -1.8   0.63  _003825_003821
00158  2022-03-23 04:06:19.89 -0.07  0.18  261.77  0.19  -5.33  0.18  74.95  0.75   1.187  0.027   6.447  0.277  50.1301 0.0006    6.4494 0.0008 102.19  0.07  50.2424 0.0011    6.4003 0.0011  93.53  0.12   29.7  344.3   56.7  97.6    1.4    0.7   0.54  _003837_003818_003831
00159  2022-03-23 04:15:32.59 -0.01  0.15  283.74  0.12  25.04  0.18  54.82  0.15   0.000  0.000  50.336  0.020  51.0129 0.0001    5.2374 0.0002 106.32  0.01  51.0372 0.0002    5.1759 0.0005  99.38  0.04   66.9  302.1   36.8 101.3    2.2    0.3   0.72  _000815_003033_003820
00160  2022-03-23 04:21:09.06 -0.05  0.45  212.49  0.05  -5.67  0.07  39.23  0.05   0.001  0.000  14.059  0.096  50.9893 0.0001    4.2561 0.0002  93.33  0.01  51.1026 0.0002    4.4187 0.0003  85.40  0.01   84.9   42.2   65.4  91.3    0.5   -1.4   0.25  _003825_000815_003033_003821_003819_003817
00161  2022-03-23 04:22:57.05 -0.06  0.24  281.62  0.29  27.87  0.16  52.19  0.29   0.482  0.016   0.000  0.070  49.8818 0.0005    4.5474 0.0003 107.89  0.05  49.9206 0.0005    4.4505 0.0003  94.63  0.05   20.6  301.8   32.1  99.1    2.4    0.1   0.67  _000379_003893
00162  2022-03-23 04:24:05.59 -0.04  0.43  248.33  0.02  12.59  0.04  59.76  0.04   0.001  0.000  14.124  0.059  52.1429 0.0001    4.5420 0.0001 114.31  0.01  52.2978 0.0002    4.5615 0.0001  93.16  0.02   86.1    4.4   39.8  97.8   -2.0   -4.2   0.78  _000378_000323_003030_003834_003032
00163  2022-03-23 04:29:17.43 -0.14  0.24  235.39  0.16  40.72  0.06  42.34  0.14   0.070  0.006   8.798  0.113  51.4769 0.0001    4.6142 0.0003 106.42  0.03  51.4989 0.0001    4.6635 0.0002  91.50  0.03   79.9   54.5   16.0  94.5    0.3   -1.0   0.80  _003825_003035
00164  2022-03-23 04:35:43.42 -0.00  0.10  262.73  0.52   2.63  0.33  84.11  0.53   4.766  0.017   2.963  0.107  50.8644 0.0002    5.0622 0.0006 107.50  0.02  50.9093 0.0003    5.0487 0.0004 102.97  0.02   79.8  349.2   48.8 104.7    2.9    1.2   0.61  _000815_003033
00165  2022-03-23 04:38:35.63  0.00  0.25  266.96  0.06  -5.81  0.08  79.01  0.19   2.055  0.014   3.087  0.037  50.7883 0.0002    4.4021 0.0002 113.29  0.03  50.9138 0.0002    4.3508 0.0002 104.00  0.03   54.7  345.5   57.7 106.9    2.1    0.1   0.69  _003033_000815
