0.550480973
0.509820922
0.526358564
0.52314456
0.525030601
0.523831443
0.516447851
0.510690137
0.495016569
0.534449827
0.55291925
0.442723259
0.467045811
0.474113731
0.483772982
0.485236184
0.483791859
0.475341557
0.470783548
0.457546316
0.434304346
0.535388446
0.503107801
0.466818893
0.499547218
0.503202854
0.508999761
0.507767314
0.507378892
0.505109098
0.499293546
0.489613575
0.453757435
0.490720175
0.510110195
0.471592399
0.502185825
0.50887628
0.518141655
0.519393369
0.52000517
0.514084212
0.503956535
0.495125326
0.469563993
0.507069602
0.519715794
0.475102355
0.508280827
0.518320007
0.525033057
0.525221403
0.525931313
0.521918948
0.516101714
0.502203941
0.474287798
0.511965491
0.5170913
0.481959464
0.506289486
0.520672108
0.528008873
0.528653173
0.527006116
0.522899063
0.516459682
0.505991366
0.483778386
0.517429902
0.514151513
0.478728543
0.506037089
0.51580144
0.526198546
0.53064833
0.528449846
0.526509883
0.518862659
0.508658765
0.47874181
0.5194836
0.510990326
0.4756976
0.504022653
0.513301104
0.519724481
0.52982986
0.529421314
0.52433506
0.517372344
0.510520927
0.478163704
0.521999338
0.506043527
0.466028522
0.499181063
0.507028087
0.51324059
0.522677267
0.520186384
0.51811893
0.513566811
0.504473541
0.47726284
0.51866301
0.490445875
0.450041116
0.485147126
0.497584137
0.503424963
0.510058342
0.50929372
0.508108227
0.507898965
0.496278098
0.466235527
0.506604544
0.530446445
0.429236921
0.451620742
0.467790442
0.482213136
0.481225661
0.487136508
0.483946163
0.483897509
0.471760179
0.448812291
0.557153338
0.531763028
0.4935896
0.512793927
0.522079929
0.525683027
0.530027799
0.530830239
0.531101592
0.515190717
0.561587712
