1.077557593007115031e+02 7.274621832865588544e+01 0.000000000000000000e+00
1.077503482684481071e+02 7.274447046376457138e+01 0.000000000000000000e+00
1.077341164415051793e+02 7.273922650857899441e+01 0.000000000000000000e+00
1.077070676289872182e+02 7.273048538213899405e+01 0.000000000000000000e+00
1.076692081779442702e+02 7.271824528475973182e+01 0.000000000000000000e+00
1.076205469711862150e+02 7.270250370090202807e+01 0.000000000000000000e+00
1.075610954242247317e+02 7.268325740318607586e+01 0.000000000000000000e+00
1.074908674813437131e+02 7.266050245754287573e+01 0.000000000000000000e+00
1.074098796108005303e+02 7.263423422949730934e+01 0.000000000000000000e+00
1.073181507991602786e+02 7.260444739157443905e+01 0.000000000000000000e+00
1.072157025447661312e+02 7.257113593182026534e+01 0.000000000000000000e+00
1.071025588503482311e+02 7.253429316342540289e+01 0.000000000000000000e+00
1.069787462147759669e+02 7.249391173544019296e+01 0.000000000000000000e+00
1.068442936239565455e+02 7.244998364456760953e+01 0.000000000000000000e+00
1.066992325408852480e+02 7.240250024801888173e+01 0.000000000000000000e+00
1.065435968948518735e+02 7.235145227741602980e+01 0.000000000000000000e+00
1.063774230698089696e+02 7.229682985372403436e+01 0.000000000000000000e+00
1.062007498919076909e+02 7.223862250319380962e+01 0.000000000000000000e+00
1.060136186162076370e+02 7.217681917429653993e+01 0.000000000000000000e+00
1.058160729125673498e+02 7.211140825562836199e+01 0.000000000000000000e+00
1.056081588507227451e+02 7.204237759476342262e+01 0.000000000000000000e+00
1.053899248845611964e+02 7.196971451803236164e+01 0.000000000000000000e+00
1.051614218355992136e+02 7.189340585120216076e+01 0.000000000000000000e+00
1.049227028756725559e+02 7.181343794103234757e+01 0.000000000000000000e+00
1.046738235088477325e+02 7.172979667768177592e+01 0.000000000000000000e+00
1.044148415525641553e+02 7.164246751793901069e+01 0.000000000000000000e+00
1.041458171180172769e+02 7.155143550924897511e+01 0.000000000000000000e+00
1.038668125897929855e+02 7.145668531450752425e+01 0.000000000000000000e+00
1.035778926047637611e+02 7.135820123759465616e+01 0.000000000000000000e+00
1.032791240302587568e+02 7.125596724961717143e+01 0.000000000000000000e+00
1.029705759415185753e+02 7.114996701583021377e+01 0.000000000000000000e+00
1.026523195984478320e+02 7.104018392320701025e+01 0.000000000000000000e+00
1.023244284216773394e+02 7.092660110862546219e+01 0.000000000000000000e+00
1.019869779679499828e+02 7.080920148764050737e+01 0.000000000000000000e+00
1.016400459048426228e+02 7.068796778380927037e+01 0.000000000000000000e+00
1.012837119848394423e+02 7.056288255853770863e+01 0.000000000000000000e+00
1.009180580187693721e+02 7.043392824141560027e+01 0.000000000000000000e+00
1.005431678486239946e+02 7.030108716100750144e+01 0.000000000000000000e+00
1.001591273197699792e+02 7.016434157606654765e+01 0.000000000000000000e+00
9.976602425257202356e+01 7.002367370713865569e+01 0.000000000000000000e+00
9.936394841344237250e+01 6.987906576852390117e+01 0.000000000000000000e+00
9.895299148533283073e+01 6.973050000056225883e+01 0.000000000000000000e+00
9.853324703768586801e+01 6.957795870221113432e+01 0.000000000000000000e+00
9.810481049586233837e+01 6.942142426388214460e+01 0.000000000000000000e+00
9.766777911006218460e+01 6.926087920050451885e+01 0.000000000000000000e+00
9.722225192375658764e+01 6.909630618478330177e+01 0.000000000000000000e+00
9.676832974164841517e+01 6.892768808062041330e+01 0.000000000000000000e+00
9.630611509717981278e+01 6.875500797666724395e+01 0.000000000000000000e+00
9.583571221960488629e+01 6.857824921997753620e+01 0.000000000000000000e+00
9.535722700064576429e+01 6.839739544973026852e+01 0.000000000000000000e+00
9.487076696075115478e+01 6.821243063099213089e+01 0.000000000000000000e+00
9.437644121497565664e+01 6.802333908849024624e+01 0.000000000000000000e+00
9.387436043849953649e+01 6.783010554036587791e+01 0.000000000000000000e+00
9.336463683180687667e+01 6.763271513188092854e+01 0.000000000000000000e+00
9.284738408554241573e+01 6.743115346904910723e+01 0.000000000000000000e+00
9.232271734506547034e+01 6.722540665216497757e+01 0.000000000000000000e+00
9.179075317472032225e+01 6.701546130920389999e+01 0.000000000000000000e+00
9.125160952184211283e+01 6.680130462906760158e+01 0.000000000000000000e+00
9.070540568051788455e+01 6.658292439464990764e+01 0.000000000000000000e+00
9.015226225512073199e+01 6.636030901569829155e+01 0.000000000000000000e+00
8.959230112363738385e+01 6.613344756144796577e+01 0.000000000000000000e+00
8.902564540080652478e+01 6.590232979300513705e+01 0.000000000000000000e+00
8.845241940108807910e+01 6.566694619545805267e+01 0.000000000000000000e+00
8.787274860148011157e+01 6.542728800969361203e+01 0.000000000000000000e+00
8.728675960420336821e+01 6.518334726389988987e+01 0.000000000000000000e+00
8.669458009926970021e+01 6.493511680473420711e+01 0.000000000000000000e+00
8.609633882695347040e+01 6.468259032813797660e+01 0.000000000000000000e+00
8.549216554018227043e+01 6.442576240977994928e+01 0.000000000000000000e+00
8.488219096686424336e+01 6.416462853511055187e+01 0.000000000000000000e+00
8.426654677216910727e+01 6.389918512901038383e+01 0.000000000000000000e+00
8.364536552077801446e+01 6.362942958501670176e+01 0.000000000000000000e+00
8.301878063911938455e+01 6.335536029411306913e+01 0.000000000000000000e+00
8.238692637760468074e+01 6.307697667306671718e+01 0.000000000000000000e+00
8.174993777288038643e+01 6.279427919230050037e+01 0.000000000000000000e+00
8.110795061010909990e+01 6.250726940328521408e+01 0.000000000000000000e+00
8.046110138529516576e+01 6.221594996544025236e+01 0.000000000000000000e+00
7.980952726766659566e+01 6.192032467252993655e+01 0.000000000000000000e+00
7.915336606212764536e+01 6.162039847854411789e+01 0.000000000000000000e+00
7.849275617179294784e+01 6.131617752305190550e+01 0.000000000000000000e+00
7.782783656061575073e+01 6.100766915601770535e+01 0.000000000000000000e+00
7.715874671612110092e+01 6.069488196206983588e+01 0.000000000000000000e+00
7.648562661225426496e+01 6.037782578421118274e+01 0.000000000000000000e+00
7.580861667235484447e+01 6.005651174696356520e+01 0.000000000000000000e+00
7.512785773226532626e+01 5.973095227893550430e+01 0.000000000000000000e+00
7.444349100358330418e+01 5.940116113480569737e+01 0.000000000000000000e+00
7.375565803706551549e+01 5.906715341671309716e+01 0.000000000000000000e+00
7.306450068619081151e+01 5.872894559504535295e+01 0.000000000000000000e+00
7.237016107088979311e+01 5.838655552861771980e+01 0.000000000000000000e+00
7.167278154144709390e+01 5.804000248423434272e+01 0.000000000000000000e+00
7.097250464258260649e+01 5.768930715562394340e+01 0.000000000000000000e+00
7.026947307771672513e+01 5.733449168174239219e+01 0.000000000000000000e+00
6.956382967342469215e+01 5.697557966443402222e+01 0.000000000000000000e+00
6.885571734408460998e+01 5.661259618544417549e+01 0.000000000000000000e+00
6.814527905672301245e+01 5.624556782277539924e+01 0.000000000000000000e+00
6.743265779606119281e+01 5.587452266637860276e+01 0.000000000000000000e+00
6.671799652976609707e+01 5.549949033317218294e+01 0.000000000000000000e+00
6.600143817390809886e+01 5.512050198138040713e+01 0.000000000000000000e+00
6.528312555862804345e+01 5.473759032418286807e+01 0.000000000000000000e+00
6.456320139401596236e+01 5.435078964266671164e+01 0.000000000000000000e+00
6.384180823620339140e+01 5.396013579807306115e+01 0.000000000000000000e+00
6.311908845367050702e+01 5.356566624332847226e+01 0.000000000000000000e+00
6.239518419376992853e+01 5.316742003385258641e+01 0.000000000000000000e+00
6.167023734946855740e+01 5.276543783763269602e+01 0.000000000000000000e+00
6.094438952630827089e+01 5.235976194455528088e+01 0.000000000000000000e+00
6.021778200958713256e+01 5.195043627498507277e+01 0.000000000000000000e+00
5.949055573176204348e+01 5.153750638758125291e+01 0.000000000000000000e+00
5.876285124007391403e+01 5.112101948634035153e+01 0.000000000000000000e+00
5.803480866439708308e+01 5.070102442685545441e+01 0.000000000000000000e+00
5.730656768531372336e+01 5.027757172178029066e+01 0.000000000000000000e+00
5.657826750241571290e+01 4.985071354548760780e+01 0.000000000000000000e+00
5.585004680283479672e+01 4.942050373790983997e+01 0.000000000000000000e+00
5.512204373000393787e+01 4.898699780755067934e+01 0.000000000000000000e+00
5.439439585265185428e+01 4.855025293365570604e+01 0.000000000000000000e+00
5.366724013403342042e+01 4.811032796752980545e+01 0.000000000000000000e+00
5.294071290139914510e+01 4.766728343298927228e+01 0.000000000000000000e+00
5.221494981570751293e+01 4.722118152593613161e+01 0.000000000000000000e+00
5.149008584158379875e+01 4.677208611304233443e+01 0.000000000000000000e+00
5.076625521753010872e+01 4.632006272953108095e+01 0.000000000000000000e+00
5.004359142639172120e+01 4.586517857604273729e+01 0.000000000000000000e+00
4.932222716608536217e+01 4.540750251457277642e+01 0.000000000000000000e+00
4.860229432059556842e+01 4.494710506346918777e+01 0.000000000000000000e+00
4.788392393124595259e+01 4.448405839147666541e+01 0.000000000000000000e+00
4.716724616825325000e+01 4.401843631081555941e+01 0.000000000000000000e+00
4.645239030257161517e+01 4.355031426928299254e+01 0.000000000000000000e+00
4.573948467803678852e+01 4.307976934136452485e+01 0.000000000000000000e+00
4.502865668381914332e+01 4.260688021834442907e+01 0.000000000000000000e+00
4.432003272719601483e+01 4.213172719740327210e+01 0.000000000000000000e+00
4.361373820665444612e+01 4.165439216969181047e+01 0.000000000000000000e+00
4.290989748533561965e+01 4.117495860737049185e+01 0.000000000000000000e+00
4.220863386483375024e+01 4.069351154960458672e+01 0.000000000000000000e+00
4.151006955936229303e+01 4.021013758750529377e+01 0.000000000000000000e+00
4.081432567030122271e+01 3.972492484800770995e+01 0.000000000000000000e+00
4.012152216113990022e+01 3.923796297667743005e+01 0.000000000000000000e+00
3.943177783283062610e+01 3.874934311943807330e+01 0.000000000000000000e+00
3.874521029956844131e+01 3.825915790321261767e+01 0.000000000000000000e+00
3.806193596501376675e+01 3.776750141547246642e+01 0.000000000000000000e+00
3.738206999897461458e+01 3.727446918268906728e+01 0.000000000000000000e+00
3.670572631456582968e+01 3.678015814768328084e+01 0.000000000000000000e+00
3.603301754586349404e+01 3.628466664586927948e+01 0.000000000000000000e+00
3.536405502607269824e+01 3.578809438039031932e+01 0.000000000000000000e+00
3.469894876622763746e+01 3.529054239614475108e+01 0.000000000000000000e+00
3.403780743444337986e+01 3.479211305270197840e+01 0.000000000000000000e+00
3.338073833573864135e+01 3.429290999610888946e+01 0.000000000000000000e+00
3.272784739244944774e+01 3.379303812958841746e+01 0.000000000000000000e+00
3.207923912525383514e+01 3.329260358313347723e+01 0.000000000000000000e+00
3.143501663482755504e+01 3.279171368199975944e+01 0.000000000000000000e+00
3.079528158415124395e+01 3.229047691410360699e+01 0.000000000000000000e+00
3.016013418148923364e+01 3.178900289633064702e+01 0.000000000000000000e+00
2.952967316406019904e+01 3.128740233976362717e+01 0.000000000000000000e+00
2.890399578242003287e+01 3.078578701383847260e+01 0.000000000000000000e+00
2.828319778557657216e+01 3.028426970943873187e+01 0.000000000000000000e+00
2.766737340685610391e+01 2.978296420094048003e+01 0.000000000000000000e+00
2.705661535054099787e+01 2.928198520722059683e+01 0.000000000000000000e+00
2.645101477929750899e+01 2.878144835164289717e+01 0.000000000000000000e+00
2.585066130241216698e+01 2.828147012103766045e+01 0.000000000000000000e+00
2.525564296485474003e+01 2.778216782369177906e+01 0.000000000000000000e+00
2.466604623718546918e+01 2.728365954636791457e+01 0.000000000000000000e+00
2.408195600632286215e+01 2.678606411037215196e+01 0.000000000000000000e+00
2.350345556718819040e+01 2.628950102669128697e+01 0.000000000000000000e+00
2.293062661524195889e+01 2.579409045022203273e+01 0.000000000000000000e+00
2.236354923992636401e+01 2.529995313311557581e+01 0.000000000000000000e+00
2.180230191902703041e+01 2.480721037726229383e+01 0.000000000000000000e+00
2.124696151396648958e+01 2.431598398594271515e+01 0.000000000000000000e+00
2.069760326604033551e+01 2.382639621467186686e+01 0.000000000000000000e+00
2.015430079360626436e+01 2.333856972126540441e+01 0.000000000000000000e+00
1.961712609023447840e+01 2.285262751515692514e+01 0.000000000000000000e+00
1.908614952382753671e+01 2.236869290599734938e+01 0.000000000000000000e+00
1.856143983671510966e+01 2.188688945156767218e+01 0.000000000000000000e+00
1.804306414672926806e+01 2.140734090503811515e+01 0.000000000000000000e+00
1.753108794926315284e+01 2.093017116160717350e+01 0.000000000000000000e+00
1.702557512031514619e+01 2.045550420455521134e+01 0.000000000000000000e+00
1.652658792051912684e+01 1.998346405074820353e+01 0.000000000000000000e+00
1.603418700015954812e+01 1.951417469562794338e+01 0.000000000000000000e+00
1.554843140516861943e+01 1.904776005772580660e+01 0.000000000000000000e+00
1.506937858410163855e+01 1.858434392273824542e+01 0.000000000000000000e+00
1.459708439608413144e+01 1.812404988720236432e+01 0.000000000000000000e+00
1.413160311972358940e+01 1.766700130181101969e+01 0.000000000000000000e+00
1.367298746297642253e+01 1.721332121440737950e+01 0.000000000000000000e+00
1.322128857395926005e+01 1.676313231269919157e+01 0.000000000000000000e+00
1.277655605269204919e+01 1.631655686673388317e+01 0.000000000000000000e+00
1.233883796375866204e+01 1.587371667117577090e+01 0.000000000000000000e+00
1.190818084986898739e+01 1.543473298742711464e+01 0.000000000000000000e+00
1.148462974630507816e+01 1.499972648563525546e+01 0.000000000000000000e+00
1.106822819623167575e+01 1.456881718662796210e+01 0.000000000000000000e+00
1.065901826685060705e+01 1.414212440381990277e+01 0.000000000000000000e+00
1.025704056637607131e+01 1.371976668513279485e+01 0.000000000000000000e+00
9.862334261806777747e+00 1.330186175497216539e+01 0.000000000000000000e+00
9.474937097469123159e+00 1.288852645630381843e+01 0.000000000000000000e+00
9.094885414304085813e+00 1.247987669287291013e+01 0.000000000000000000e+00
8.722214169868850675e+00 1.207602737160857309e+01 0.000000000000000000e+00
8.356956959022966203e+00 1.167709234525701767e+01 0.000000000000000000e+00
7.999146035267258092e+00 1.128318435528594499e+01 0.000000000000000000e+00
7.648812332702200401e+00 1.089441497510263801e+01 0.000000000000000000e+00
7.305985488571520747e+00 1.051089455362834713e+01 0.000000000000000000e+00
6.970693866355047064e+00 1.013273215927083548e+01 0.000000000000000000e+00
6.642964579374030620e+00 9.760035524337025592e+00 0.000000000000000000e+00
6.322823514870800743e+00 9.392910989927134580e+00 0.000000000000000000e+00
6.010295358523476850e+00 9.031463451351237737e+00 0.000000000000000000e+00
5.705403619355704059e+00 8.675796304109045565e+00 0.000000000000000000e+00
5.408170655000184901e+00 8.326011390472837448e+00 0.000000000000000000e+00
5.118617697274043365e+00 7.982208946713304165e+00 0.000000000000000000e+00
4.836764878023301684e+00 7.644487551007354220e+00 0.000000000000000000e+00
4.562631255192941104e+00 7.312944072066347445e+00 0.000000000000000000e+00
4.296234839078463708e+00 6.987673618522684649e+00 0.000000000000000000e+00
4.037592618714395343e+00 6.668769489112039039e+00 0.000000000000000000e+00
3.786720588354579586e+00 6.356323123687776189e+00 0.000000000000000000e+00
3.543633773998828396e+00 6.050424055103452048e+00 0.000000000000000000e+00
3.308346259920347698e+00 5.751159861998672795e+00 0.000000000000000000e+00
3.080871215147860109e+00 5.458616122522581549e+00 0.000000000000000000e+00
2.861220919856617417e+00 5.172876369028792887e+00 0.000000000000000000e+00
2.649406791622228585e+00 4.894022043774532982e+00 0.000000000000000000e+00
2.445439411491474146e+00 4.622132455656140948e+00 0.000000000000000000e+00
2.249328549824421764e+00 4.357284738012127789e+00 0.000000000000000000e+00
2.061083191862384645e+00 4.099553807524157101e+00 0.000000000000000000e+00
1.880711562976764561e+00 3.849012324245562500e+00 0.000000000000000000e+00
1.708221153554128513e+00 3.605730652785923862e+00 0.000000000000000000e+00
1.543618743473583965e+00 3.369776824679609373e+00 0.000000000000000000e+00
1.386910426133052043e+00 3.141216501965049090e+00 0.000000000000000000e+00
1.238101631981831208e+00 2.920112942000711698e+00 0.000000000000000000e+00
1.097197151517610436e+00 2.706526963542756015e+00 0.000000000000000000e+00
9.642011577071437634e-01 2.500516914108541933e+00 0.000000000000000000e+00
8.391172277905998289e-01 2.302138638649005031e+00 0.000000000000000000e+00
7.219483644308889447e-01 2.111445449552225462e+00 0.000000000000000000e+00
6.126970161702046669e-01 1.928488097999206952e+00 0.000000000000000000e+00
5.113650971575501858e-01 1.753314746692372417e+00 0.000000000000000000e+00
4.179540061120463057e-01 1.585970943975858471e+00 0.000000000000000000e+00
3.324646444883981866e-01 1.426499599365984361e+00 0.000000000000000000e+00
2.548974338123370931e-01 1.274940960509247212e+00 0.000000000000000000e+00
1.852523321553207203e-01 1.131332591584131686e+00 0.000000000000000000e+00
1.235288497194427237e-01 9.957093531620773152e-01 0.000000000000000000e+00
6.972606350514698459e-02 8.681033835419977862e-01 0.000000000000000000e+00
2.384263103603559419e-02 7.485440815716254415e-01 0.000000000000000000e+00
-1.412319688310785352e-02 6.370580909681172743e-01 0.000000000000000000e+00
-4.417356439718878730e-02 5.336692861492052797e-01 0.000000000000000000e+00
-6.631099984077536147e-02 4.383987595852086305e-01 0.000000000000000000e+00
-8.053840600542547246e-02 3.512648106813588411e-01 0.000000000000000000e+00
-8.685905145074092337e-02 2.722829361986129904e-01 0.000000000000000000e+00
-8.527656287345194985e-02 2.014658222203308258e-01 0.000000000000000000e+00
-7.579491854683952090e-02 1.388233376711374978e-01 0.000000000000000000e+00
-5.841844284076210675e-02 8.436252939320761091e-02 0.000000000000000000e+00
-3.315180183041584877e-02 3.808761878415222596e-02 0.000000000000000000e+00
0.000000000000000000e+00 0.000000000000000000e+00 0.000000000000000000e+00
4.082640253369795857e-02 -2.971367592523021725e-02 0.000000000000000000e+00
8.911629712593377439e-02 -5.086930110826813622e-02 0.000000000000000000e+00
1.448630332882421823e-01 -6.347310965186894749e-02 0.000000000000000000e+00
2.080592002043033517e-01 -6.753358994533698034e-02 0.000000000000000000e+00
2.786966279265990498e-01 -6.306148049761935159e-02 0.000000000000000000e+00
3.567663888311840559e-01 -5.006976495481183648e-02 0.000000000000000000e+00
4.422587993271712703e-01 -2.857366630380222400e-02 0.000000000000000000e+00
5.351634218166151369e-01 1.409359735700551047e-03 0.000000000000000000e+00
6.354690668991883618e-01 3.985963212814989942e-02 0.000000000000000000e+00
7.431637958147583323e-01 8.675525274513297413e-02 0.000000000000000000e+00
8.582349231157266889e-01 1.420721153908602596e-01 0.000000000000000000e+00
9.806690195600343829e-01 2.057839156264082703e-01 0.000000000000000000e+00
1.110451915214328178e+00 2.778621613884464936e-01 0.000000000000000000e+00
1.247568702755812442e+00 3.582761843978455873e-01 0.000000000000000000e+00
1.392003740960281677e+00 4.469931523532187367e-01 0.000000000000000000e+00
1.543740658362649176e+00 5.439780819040002102e-01 0.000000000000000000e+00
1.702762357075456645e+00 6.491938523973831421e-01 0.000000000000000000e+00
1.869051016749800675e+00 7.626012203930399025e-01 0.000000000000000000e+00
2.042588098662247553e+00 8.841588349392009993e-01 0.000000000000000000e+00
2.223354349910534378e+00 1.013823253603407082e+00 0.000000000000000000e+00
2.411329807699990280e+00 1.151548959250853210e+00 0.000000000000000000e+00
2.606493803701843248e+00 1.297288377562919370e+00 0.000000000000000000e+00
2.808824968464185279e+00 1.450991895288369804e+00 0.000000000000000000e+00
3.018301235855329168e+00 1.612607879219113194e+00 0.000000000000000000e+00
3.234899847519207228e+00 1.782082695882472256e+00 0.000000000000000000e+00
3.458597357321611110e+00 1.959360731941367950e+00 0.000000000000000000e+00
3.689369635766005739e+00 2.144384415293848267e+00 0.000000000000000000e+00
3.927191874357036649e+00 2.337094236862903962e+00 0.000000000000000000e+00
4.172038589889741189e+00 2.537428773067477827e+00 0.000000000000000000e+00
4.423883628642279575e+00 2.745324708965277694e+00 0.000000000000000000e+00
4.682700170449892063e+00 2.960716862057900745e+00 0.000000000000000000e+00
4.948460732637620652e+00 3.183538206748419253e+00 0.000000000000000000e+00
5.221137173789610841e+00 3.413719899441647776e+00 0.000000000000000000e+00
5.500700697332657541e+00 3.651191304276919958e+00 0.000000000000000000e+00
5.787121854912046004e+00 3.895880019483235479e+00 0.000000000000000000e+00
6.080370549537920333e+00 4.147711904346411238e+00 0.000000000000000000e+00
6.380416038480699825e+00 4.406611106777739373e+00 0.000000000000000000e+00
6.687226935894642565e+00 4.672500091473627215e+00 0.000000000000000000e+00
7.000771215148839488e+00 4.945299668655387393e+00 0.000000000000000000e+00
7.321016210845902705e+00 5.224929023378549253e+00 0.000000000000000000e+00
7.647928620508839259e+00 5.511305745400663092e+00 0.000000000000000000e+00
7.981474505917521611e+00 5.804345859596641510e+00 0.000000000000000000e+00
8.321619294076930018e+00 6.103963856910594288e+00 0.000000000000000000e+00
8.668327777800136857e+00 6.410072725833021678e+00 0.000000000000000000e+00
9.021564115889812996e+00 6.722583984392024981e+00 0.000000000000000000e+00
9.381291832903304595e+00 7.041407712647390404e+00 0.000000000000000000e+00
9.747473818486957597e+00 7.366452585676034559e+00 0.000000000000000000e+00
1.012007232626680775e+01 7.697625907037418003e+00 0.000000000000000000e+00
1.049904897228370082e+01 8.034833642707404522e+00 0.000000000000000000e+00
1.088436473296215112e+01 8.377980455468888366e+00 0.000000000000000000e+00
1.127597994260350589e+01 8.726969739747536536e+00 0.000000000000000000e+00
1.167385429039539524e+01 9.081703656880911524e+00 0.000000000000000000e+00
1.207794681693046890e+01 9.442083170808936998e+00 0.000000000000000000e+00
1.248821591022928956e+01 9.808008084173954089e+00 0.000000000000000000e+00
1.290461930126310008e+01 1.017937707481800480e+01 0.000000000000000000e+00
1.332711405897420498e+01 1.055608773266533440e+01 0.000000000000000000e+00
1.375565658479280096e+01 1.093803659697774222e+01 0.000000000000000000e+00
1.419020260665072364e+01 1.132511919397016342e+01 0.000000000000000000e+00
1.463070717249410357e+01 1.171723007477396017e+01 0.000000000000000000e+00
1.507712464329861213e+01 1.211426285373511824e+01 0.000000000000000000e+00
1.552940868559224263e+01 1.251611024703430708e+01 0.000000000000000000e+00
1.598751226349238586e+01 1.292266411161556583e+01 0.000000000000000000e+00
1.645138763026559303e+01 1.333381548441043130e+01 0.000000000000000000e+00
1.692098631941960107e+01 1.374945462184358469e+01 0.000000000000000000e+00
1.739625913533935275e+01 1.416947103960643872e+01 0.000000000000000000e+00
1.787715614347975546e+01 1.459375355268431562e+01 0.000000000000000000e+00
1.836362666012985656e+01 1.502219031562293949e+01 0.000000000000000000e+00
1.885561924176448656e+01 1.545466886301949927e+01 0.000000000000000000e+00
1.935308167400090795e+01 1.589107615022329334e+01 0.000000000000000000e+00
1.985596096017959766e+01 1.633129859423055308e+01 0.000000000000000000e+00
2.036420330958976166e+01 1.677522211475788438e+01 0.000000000000000000e+00
2.087775412536135633e+01 1.722273217547810731e+01 0.000000000000000000e+00
2.139655799204712494e+01 1.767371382540222768e+01 0.000000000000000000e+00
2.192055866291935473e+01 1.812805174039067424e+01 0.000000000000000000e+00
2.244969904700707275e+01 1.858563026477647284e+01 0.000000000000000000e+00
2.298392119590124949e+01 1.904633345308285897e+01 0.000000000000000000e+00
2.352316629035617268e+01 1.951004511181716339e+01 0.000000000000000000e+00
2.406737462671643968e+01 1.997664884132237617e+01 0.000000000000000000e+00
2.461648560320065116e+01 2.044602807766761288e+01 0.000000000000000000e+00
2.517043770607265785e+01 2.091806613455769437e+01 0.000000000000000000e+00
2.572916849573351783e+01 2.139264624524222214e+01 0.000000000000000000e+00
2.629261459276733248e+01 2.186965160440362510e+01 0.000000000000000000e+00
2.686071166397489307e+01 2.234896541000307835e+01 0.000000000000000000e+00
2.743339440843042709e+01 2.283047090506330434e+01 0.000000000000000000e+00
2.801059654359671214e+01 2.331405141936606285e+01 0.000000000000000000e+00
2.859225079153457472e+01 2.379959041104209660e+01 0.000000000000000000e+00
2.917828886524342735e+01 2.428697150803068538e+01 0.000000000000000000e+00
2.976864145516959326e+01 2.477607854938548115e+01 0.000000000000000000e+00
3.036323821591981442e+01 2.526679562640290300e+01 0.000000000000000000e+00
3.096200775321702992e+01 2.575900712354873434e+01 0.000000000000000000e+00
3.156487761113620749e+01 2.625259775915839811e+01 0.000000000000000000e+00
3.217177425965768123e+01 2.674745262588577077e+01 0.000000000000000000e+00
3.278262308257539104e+01 2.724345723087491677e+01 0.000000000000000000e+00
3.339734836579737021e+01 2.774049753562904996e+01 0.000000000000000000e+00
3.401587328607570981e+01 2.823845999555030062e+01 0.000000000000000000e+00
3.463811990020260367e+01 2.873723159912392333e+01 0.000000000000000000e+00
3.526400913470889975e+01 2.923669990671979235e+01 0.000000000000000000e+00
3.589346077610095165e+01 2.973675308898431169e+01 0.000000000000000000e+00
3.652639346167108414e+01 3.023727996479520641e+01 0.000000000000000000e+00
3.716272467091629039e+01 3.073817003875155507e+01 0.000000000000000000e+00
3.780237071759896850e+01 3.123931353817166112e+01 0.000000000000000000e+00
3.844524674248271623e+01 3.174060144957037366e+01 0.000000000000000000e+00
3.909126670677537874e+01 3.224192555458852638e+01 0.000000000000000000e+00
3.974034338631041408e+01 3.274317846534604826e+01 0.000000000000000000e+00
4.039238836649666808e+01 3.324425365919117326e+01 0.000000000000000000e+00
4.104731203806573347e+01 3.374504551281776799e+01 0.000000000000000000e+00
4.170502359364446221e+01 3.424544933572300920e+01 0.000000000000000000e+00
4.236543102517926229e+01 3.474536140297804820e+01 0.000000000000000000e+00
4.302844112223765904e+01 3.524467898728422455e+01 0.000000000000000000e+00
4.369395947121079615e+01 3.574330039028793493e+01 0.000000000000000000e+00
4.436189045543937226e+01 3.624112497312734149e+01 0.000000000000000000e+00
4.503213725628462782e+01 3.673805318618513382e+01 0.000000000000000000e+00
4.570460185516320450e+01 3.723398659802094812e+01 0.000000000000000000e+00
4.637918503656457858e+01 3.772882792345878045e+01 0.000000000000000000e+00
4.705578639206746772e+01 3.822248105080453939e+01 0.000000000000000000e+00
4.773430432536999746e+01 3.871485106816975019e+01 0.000000000000000000e+00
4.841463605834714201e+01 3.920584428887828210e+01 0.000000000000000000e+00
4.909667763814740482e+01 3.969536827593344697e+01 0.000000000000000000e+00
4.978032394533832417e+01 4.018333186552401770e+01 0.000000000000000000e+00
5.046546870310998401e+01 4.066964518954831220e+01 0.000000000000000000e+00
5.115200448754281126e+01 4.115421969713654704e+01 0.000000000000000000e+00
5.183982273894506676e+01 4.163696817515259596e+01 0.000000000000000000e+00
5.252881377426391651e+01 4.211780476765770942e+01 0.000000000000000000e+00
5.321886680057155417e+01 4.259664499431914209e+01 0.000000000000000000e+00
5.390986992962687196e+01 4.307340576774851115e+01 0.000000000000000000e+00
5.460171019351177080e+01 4.354800540975566747e+01 0.000000000000000000e+00
5.529427356133875548e+01 4.402036366650477817e+01 0.000000000000000000e+00
5.598744495702570845e+01 4.449040172256121650e+01 0.000000000000000000e+00
5.668110827813227104e+01 4.495804221381890642e+01 0.000000000000000000e+00
5.737514641574971819e+01 4.542320923929868570e+01 0.000000000000000000e+00
5.806944127543624035e+01 4.588582837181073870e+01 0.000000000000000000e+00
5.876387379918693199e+01 4.634582666747440527e+01 0.000000000000000000e+00
5.945832398842725297e+01 4.680313267409102451e+01 0.000000000000000000e+00
6.015267092801657611e+01 4.725767643836632459e+01 0.000000000000000000e+00
6.084679281124831363e+01 4.770938951198096589e+01 0.000000000000000000e+00
6.154056696583044328e+01 4.815820495650877575e+01 0.000000000000000000e+00
6.223386988083029081e+01 4.860405734718403181e+01 0.000000000000000000e+00
6.292657723456604657e+01 4.904688277552108389e+01 0.000000000000000000e+00
6.361856392342557598e+01 4.948661885078995226e+01 0.000000000000000000e+00
6.430970409159337464e+01 4.992320470035478053e+01 0.000000000000000000e+00
6.499987116166460055e+01 5.035658096888177226e+01 0.000000000000000000e+00
6.568893786612453312e+01 5.078668981642630342e+01 0.000000000000000000e+00
6.637677627967117644e+01 5.121347491540918639e+01 0.000000000000000000e+00
6.706325785235748071e+01 5.163688144649458422e+01 0.000000000000000000e+00
6.774825344352942125e+01 5.205685609338267028e+01 0.000000000000000000e+00
6.843163335653507318e+01 5.247334703653204713e+01 0.000000000000000000e+00
6.911326737417972765e+01 5.288630394582856553e+01 0.000000000000000000e+00
6.979302479490054623e+01 5.329567797221767478e+01 0.000000000000000000e+00
7.047077446963562863e+01 5.370142173832005739e+01 0.000000000000000000e+00
7.114638483935939917e+01 5.410348932805037236e+01 0.000000000000000000e+00
7.181972397325816360e+01 5.450183627526096330e+01 0.000000000000000000e+00
7.249065960751785553e+01 5.489641955143348184e+01 0.000000000000000000e+00
7.315905918469644575e+01 5.528719755244221545e+01 0.000000000000000000e+00
7.382478989365286282e+01 5.567413008441440070e+01 0.000000000000000000e+00
7.448771871000438693e+01 5.605717834871377647e+01 0.000000000000000000e+00
7.514771243708415227e+01 5.643630492607426419e+01 0.000000000000000000e+00
7.580463774737036431e+01 5.681147375991236714e+01 0.000000000000000000e+00
7.645836122435864013e+01 5.718265013884688841e+01 0.000000000000000000e+00
7.710874940484896456e+01 5.754980067845589531e+01 0.000000000000000000e+00
7.775566882161940896e+01 5.791289330230190302e+01 0.000000000000000000e+00
7.839898604645706826e+01 5.827189722225585911e+01 0.000000000000000000e+00
7.903856773351898823e+01 5.862678291815243625e+01 0.000000000000000000e+00
7.967428066299426348e+01 5.897752211680874268e+01 0.000000000000000000e+00
8.030599178503926794e+01 5.932408777043936965e+01 0.000000000000000000e+00
8.093356826395877590e+01 5.966645403450148422e+01 0.000000000000000000e+00
8.155687752260418222e+01 6.000459624500305011e+01 0.000000000000000000e+00
8.217578728696231849e+01 6.033849089530855281e+01 0.000000000000000000e+00
8.279016563090740988e+01 6.066811561247646978e+01 0.000000000000000000e+00
8.339988102108854662e+01 6.099344913316220840e+01 0.000000000000000000e+00
8.400480236192719019e+01 6.131447127912178985e+01 0.000000000000000000e+00
8.460479904069694612e+01 6.163116293234957510e+01 0.000000000000000000e+00
8.519974097266049284e+01 6.194350600988536826e+01 0.000000000000000000e+00
8.578949864623719179e+01 6.225148343832425013e+01 0.000000000000000000e+00
8.637394316817623974e+01 6.255507912806375259e+01 0.000000000000000000e+00
8.695294630870979802e+01 6.285427794732170526e+01 0.000000000000000000e+00
8.752638054666152811e+01 6.314906569595829211e+01 0.000000000000000000e+00
8.809411911448582089e+01 6.343942907913562124e+01 0.000000000000000000e+00
8.865603604321314890e+01 6.372535568084697388e+01 0.000000000000000000e+00
8.921200620727823605e+01 6.400683393734841786e+01 0.000000000000000000e+00
8.976190536920660179e+01 6.428385311052394968e+01 0.000000000000000000e+00
9.030561022413705530e+01 6.455640326121570638e+01 0.000000000000000000e+00
9.084299844415626524e+01 6.482447522254912542e+01 0.000000000000000000e+00
9.137394872242349209e+01 6.508806057328352779e+01 0.000000000000000000e+00
9.189834081706220559e+01 6.534715161121644655e+01 0.000000000000000000e+00
9.241605559479769738e+01 6.560174132667087576e+01 0.000000000000000000e+00
9.292697507431732618e+01 6.585182337609217029e+01 0.000000000000000000e+00
9.343098246933365658e+01 6.609739205578209464e+01 0.000000000000000000e+00
9.392796223132762634e+01 6.633844227579551500e+01 0.000000000000000000e+00
9.441780009195177570e+01 6.657496953402501561e+01 0.000000000000000000e+00
9.490038310507274844e+01 6.680696989049772583e+01 0.000000000000000000e+00
9.537559968843203251e+01 6.703443994190737953e+01 0.000000000000000000e+00
9.584333966490567036e+01 6.725737679640431566e+01 0.000000000000000000e+00
9.630349430334230476e+01 6.747577804866510576e+01 0.000000000000000000e+00
9.675595635896020497e+01 6.768964175526147642e+01 0.000000000000000000e+00
9.720062011328380436e+01 6.789896641034945901e+01 0.000000000000000000e+00
9.763738141360079226e+01 6.810375092169627465e+01 0.000000000000000000e+00
9.806613771192026263e+01 6.830399458706348526e+01 0.000000000000000000e+00
9.848678810341374401e+01 6.849969707096272487e+01 0.000000000000000000e+00
9.889923336432057965e+01 6.869085838180021142e+01 0.000000000000000000e+00
9.930337598929909859e+01 6.887747884942494636e+01 0.000000000000000000e+00
9.969912022820592767e+01 6.905955910309431545e+01 0.000000000000000000e+00
1.000863721222853826e+02 6.923710004987064792e+01 0.000000000000000000e+00
1.004650395397516007e+02 6.941010285346062858e+01 0.000000000000000000e+00
1.008350322107461920e+02 6.957856891350934347e+01 0.000000000000000000e+00
1.011962617616539006e+02 6.974249984535892111e+01 0.000000000000000000e+00
1.015486417487600761e+02 6.990189746028187301e+01 0.000000000000000000e+00
1.018920876912329021e+02 7.005676374619787339e+01 0.000000000000000000e+00
1.022265171034141389e+02 7.020710084888213487e+01 0.000000000000000000e+00
1.025518495264026626e+02 7.035291105367258524e+01 0.000000000000000000e+00
1.028680065589146579e+02 7.049419676768251009e+01 0.000000000000000000e+00
1.031749118874049032e+02 7.063096050252477198e+01 0.000000000000000000e+00
1.034724913154343966e+02 7.076320485755252321e+01 0.000000000000000000e+00
1.037606727922685934e+02 7.089093250362104470e+01 0.000000000000000000e+00
1.040393864406926383e+02 7.101414616737525876e+01 0.000000000000000000e+00
1.043085645840282325e+02 7.113284861606534548e+01 0.000000000000000000e+00
1.045681417723389188e+02 7.124704264289454159e+01 0.000000000000000000e+00
1.048180548078096734e+02 7.135673105290038620e+01 0.000000000000000000e+00
1.050582427692877019e+02 7.146191664937212806e+01 0.000000000000000000e+00
1.052886470359715361e+02 7.156260222080548772e+01 0.000000000000000000e+00
1.055092113102353579e+02 7.165879052839575536e+01 0.000000000000000000e+00
1.057198816395772241e+02 7.175048429407027584e+01 0.000000000000000000e+00
1.059206064376785292e+02 7.183768618906013614e+01 0.000000000000000000e+00
1.061113365045639654e+02 7.192039882301220644e+01 0.000000000000000000e+00
1.062920250458503801e+02 7.199862473363994297e+01 0.000000000000000000e+00
1.064626276910747578e+02 7.207236637691380565e+01 0.000000000000000000e+00
1.066231025110906359e+02 7.214162611779023848e+01 0.000000000000000000e+00
1.067734100345234793e+02 7.220640622147810461e+01 0.000000000000000000e+00
1.069135132632762151e+02 7.226670884524247640e+01 0.000000000000000000e+00
1.070433776870756049e+02 7.232253603074403259e+01 0.000000000000000000e+00
1.071629712970521950e+02 7.237388969691353680e+01 0.000000000000000000e+00
1.072722645983451315e+02 7.242077163335990519e+01 0.000000000000000000e+00
1.073712306217258003e+02 7.246318349431103911e+01 0.000000000000000000e+00
1.074598449342327200e+02 7.250112679308611519e+01 0.000000000000000000e+00
1.075380856488124692e+02 7.253460289709813935e+01 0.000000000000000000e+00
1.076059334329604127e+02 7.256361302338591202e+01 0.000000000000000000e+00
1.076633715163568894e+02 7.258815823467421069e+01 0.000000000000000000e+00
1.077103856974939617e+02 7.260823943596129482e+01 0.000000000000000000e+00
1.077469643492892715e+02 7.262385737163300803e+01 0.000000000000000000e+00
1.077730984236835781e+02 7.263501262310246886e+01 0.000000000000000000e+00
1.077887814552195778e+02 7.264170560697515100e+01 0.000000000000000000e+00
1.077940095635993174e+02 7.264393657373832980e+01 0.000000000000000000e+00
1.077971827909078399e+02 7.264523823423621707e+01 0.000000000000000000e+00
1.077987395953181107e+02 7.264596480799103517e+01 0.000000000000000000e+00
1.078002665682848971e+02 7.264673560867950641e+01 0.000000000000000000e+00
1.078017764390961872e+02 7.264755947788331980e+01 0.000000000000000000e+00
1.078032562711248943e+02 7.264842788141366725e+01 0.000000000000000000e+00
1.078047060072470202e+02 7.264934090396046429e+01 0.000000000000000000e+00
1.078061320374949474e+02 7.265030292867453454e+01 0.000000000000000000e+00
1.078075150923333041e+02 7.265130095352647288e+01 0.000000000000000000e+00
1.078088808990324452e+02 7.265235226332336538e+01 0.000000000000000000e+00
1.078102038170659256e+02 7.265343944465493564e+01 0.000000000000000000e+00
1.078114967872921852e+02 7.265457102543663837e+01 0.000000000000000000e+00
1.078127470804232644e+02 7.265573816408681296e+01 0.000000000000000000e+00
1.078139676902102764e+02 7.265694931010435198e+01 0.000000000000000000e+00
1.078151459487207404e+02 7.265819553094443961e+01 0.000000000000000000e+00
1.078162820590623454e+02 7.265947652548753410e+01 0.000000000000000000e+00
1.078173762603098140e+02 7.266079193929081725e+01 0.000000000000000000e+00
1.078184288148105736e+02 7.266214138340824036e+01 0.000000000000000000e+00
1.078194528622993289e+02 7.266353309090894186e+01 0.000000000000000000e+00
1.078204230288285004e+02 7.266494925316325748e+01 0.000000000000000000e+00
1.078213396634894110e+02 7.266638935262197663e+01 0.000000000000000000e+00
1.078222159906449917e+02 7.266786149688776675e+01 0.000000000000000000e+00
1.078230524101635552e+02 7.266936509313157444e+01 0.000000000000000000e+00
1.078238365079972425e+02 7.267089083240908565e+01 0.000000000000000000e+00
1.078245687390227090e+02 7.267243804033805077e+01 0.000000000000000000e+00
1.078252624291566804e+02 7.267401467396133796e+01 0.000000000000000000e+00
1.078258923948650505e+02 7.267560264234973033e+01 0.000000000000000000e+00
1.078264848627246408e+02 7.267721849005812373e+01 0.000000000000000000e+00
1.078270146936310709e+02 7.267884406028734645e+01 0.000000000000000000e+00
1.078274953129393054e+02 7.268048716265725773e+01 0.000000000000000000e+00
1.078279273278567132e+02 7.268214689694580954e+01 0.000000000000000000e+00
1.078283113625163594e+02 7.268382233783776769e+01 0.000000000000000000e+00
1.078286352165565916e+02 7.268550385958600657e+01 0.000000000000000000e+00
1.078289124084234345e+02 7.268719913379726449e+01 0.000000000000000000e+00
1.078291307779536083e+02 7.268889847512781444e+01 0.000000000000000000e+00
1.078293038880229062e+02 7.269060948931446831e+01 0.000000000000000000e+00
1.078294196144351105e+02 7.269232243769032209e+01 0.000000000000000000e+00
1.078294787093233964e+02 7.269403620517201148e+01 0.000000000000000000e+00
1.078294819375152400e+02 7.269574965785623988e+01 0.000000000000000000e+00
1.078294300807636574e+02 7.269746163674643924e+01 0.000000000000000000e+00
1.078293367865726680e+02 7.269917962211289364e+01 0.000000000000000000e+00
1.078291771750118500e+02 7.270088507291538349e+01 0.000000000000000000e+00
1.078289649221471080e+02 7.270258542707924221e+01 0.000000000000000000e+00
1.078287008721448785e+02 7.270427943307636554e+01 0.000000000000000000e+00
1.078283858818657706e+02 7.270596582055866008e+01 0.000000000000000000e+00
1.078280208198067811e+02 7.270764330192639591e+01 0.000000000000000000e+00
1.078275937172759882e+02 7.270930190796796921e+01 0.000000000000000000e+00
1.078271311615779666e+02 7.271095764843742870e+01 0.000000000000000000e+00
1.078265955096430417e+02 7.271258319089953659e+01 0.000000000000000000e+00
1.078260262129399223e+02 7.271420318672772964e+01 0.000000000000000000e+00
1.078253984936209378e+02 7.271579894353783402e+01 0.000000000000000000e+00
1.078247261234877072e+02 7.271737775732123055e+01 0.000000000000000000e+00
1.078239971833029784e+02 7.271892958554687425e+01 0.000000000000000000e+00
1.078232254567692223e+02 7.272046170656250297e+01 0.000000000000000000e+00
1.078223990349632686e+02 7.272196406254580836e+01 0.000000000000000000e+00
1.078215317078024356e+02 7.272344392263052271e+01 0.000000000000000000e+00
1.078206244204119741e+02 7.272489988561096652e+01 0.000000000000000000e+00
1.078196652708438279e+02 7.272632188332366354e+01 0.000000000000000000e+00
1.078186552057108116e+02 7.272770851235743805e+01 0.000000000000000000e+00
1.078176080189303150e+02 7.272906703591579003e+01 0.000000000000000000e+00
1.078165246552638479e+02 7.273039605333211455e+01 0.000000000000000000e+00
1.078153932089618223e+02 7.273168550207915928e+01 0.000000000000000000e+00
1.078142274674291627e+02 7.273294265501546363e+01 0.000000000000000000e+00
1.078130155169823468e+02 7.273415746137621340e+01 0.000000000000000000e+00
1.078117711360345794e+02 7.273533720735075292e+01 0.000000000000000000e+00
1.078104824003237923e+02 7.273647185785765146e+01 0.000000000000000000e+00
1.078091630737177411e+02 7.273756872065077062e+01 0.000000000000000000e+00
1.078078140664986080e+02 7.273862644618131412e+01 0.000000000000000000e+00
1.078064362778410867e+02 7.273964370136792468e+01 0.000000000000000000e+00
1.078050177517475277e+02 7.274061049817909463e+01 0.000000000000000000e+00
1.078035722140030117e+02 7.274153420082859611e+01 0.000000000000000000e+00
1.078021005352202337e+02 7.274241351858007931e+01 0.000000000000000000e+00
1.078006035701440624e+02 7.274324718422208491e+01 0.000000000000000000e+00
1.077990693162313249e+02 7.274402527872958046e+01 0.000000000000000000e+00
1.077975242973154764e+02 7.274476390595656028e+01 0.000000000000000000e+00
1.077959564801755477e+02 7.274545319235959084e+01 0.000000000000000000e+00
1.077943538167807418e+02 7.274608328635190446e+01 0.000000000000000000e+00
1.077927427865346601e+02 7.274667035765733658e+01 0.000000000000000000e+00
1.077911113054394718e+02 7.274720460801236754e+01 0.000000000000000000e+00
1.077894729691643363e+02 7.274769359453554785e+01 0.000000000000000000e+00
1.077878156598601720e+02 7.274812756914992917e+01 0.000000000000000000e+00
1.077861400884039256e+02 7.274850547793712963e+01 0.000000000000000000e+00
1.077844597922829166e+02 7.274883496427386831e+01 0.000000000000000000e+00
1.077827625922925705e+02 7.274910637104642319e+01 0.000000000000000000e+00
1.077810619836060795e+02 7.274932740436476308e+01 0.000000000000000000e+00
1.077793585945879187e+02 7.274949713264031459e+01 0.000000000000000000e+00
1.077776401783309268e+02 7.274960599913252679e+01 0.000000000000000000e+00
1.077759330100731745e+02 7.274967047625310101e+01 0.000000000000000000e+00
1.077742119528259934e+02 7.274967240406617464e+01 0.000000000000000000e+00
1.077725032331662476e+02 7.274962832712671457e+01 0.000000000000000000e+00
1.077707816612126095e+02 7.274952016391540610e+01 0.000000000000000000e+00
1.077690734169964202e+02 7.274936452799373399e+01 0.000000000000000000e+00
1.077673789532786088e+02 7.274916074811605426e+01 0.000000000000000000e+00
1.077656858560113022e+02 7.274889951533812393e+01 0.000000000000000000e+00
1.077639945250627989e+02 7.274858023683081854e+01 0.000000000000000000e+00
1.077623181847960439e+02 7.274821102019686236e+01 0.000000000000000000e+00
1.077606571843023886e+02 7.274779134788701640e+01 0.000000000000000000e+00
1.077590118430533010e+02 7.274732074626531642e+01 0.000000000000000000e+00
1.077573696052487264e+02 7.274679011654392013e+01 0.000000000000000000e+00
