0.576259549
0.526475029
0.541547476
0.549206014
0.546913798
0.546522921
0.540614636
0.5343995
0.515049699
0.561354071
0.573786457
0.456997978
0.483908516
0.499565393
0.501830676
0.503237462
0.506481641
0.502643803
0.492174388
0.476210768
0.452051773
0.558856507
0.523416388
0.481470565
0.521101044
0.527888144
0.534707068
0.534849522
0.533984815
0.525037691
0.52172759
0.507042839
0.476399419
0.517657265
0.53821239
0.491724031
0.5259477
0.537230292
0.538809652
0.544488987
0.542555806
0.540005584
0.52892129
0.519996954
0.489564818
0.530076165
0.541795592
0.49641814
0.530474829
0.535853601
0.545456548
0.553266547
0.553080462
0.545720236
0.53854504
0.524324494
0.495839147
0.536334975
0.541996763
0.501293571
0.527548368
0.544213804
0.551782346
0.554208126
0.550978591
0.553634607
0.540906052
0.531702855
0.499709751
0.542744436
0.539060756
0.499429401
0.536199023
0.540832371
0.548493047
0.550527112
0.553671299
0.551318507
0.540813142
0.532811714
0.500203338
0.540053225
0.53727133
0.500461543
0.529692905
0.542396398
0.547871405
0.551673885
0.547041027
0.545766902
0.53761087
0.529952438
0.495530464
0.543559224
0.531682423
0.489225964
0.519504585
0.528509375
0.533291316
0.544772123
0.542210705
0.541236554
0.533395323
0.523161275
0.495244446
0.53835221
0.513626701
0.478456854
0.50648625
0.518398651
0.527583363
0.530498689
0.531838903
0.532182322
0.523113794
0.51187158
0.479408968
0.522785957
0.556866064
0.448840714
0.476038065
0.493781185
0.499444804
0.502360224
0.503902582
0.500856505
0.497511066
0.484460165
0.461515802
0.574459677
0.557963675
0.518795543
0.534089165
0.541190973
0.547587732
0.546663895
0.546863712
0.540704067
0.525814423
0.577872703
