0.533504749
0.501525722
0.510515282
0.523469337
0.529898055
0.530397765
0.530414413
0.526850655
0.512767517
0.56834723
0.534338932
0.435930737
0.459448372
0.473463639
0.482918974
0.488367577
0.488886379
0.487478594
0.482403729
0.471222936
0.439535203
0.567166514
0.498014929
0.457151748
0.49221925
0.501574433
0.512896019
0.518908817
0.519566901
0.518221975
0.512595487
0.505403553
0.474078266
0.512280668
0.511791578
0.472255396
0.50641846
0.512039151
0.522551407
0.52486668
0.529543251
0.526460984
0.517357974
0.511174362
0.479809625
0.524547037
0.517964911
0.481872481
0.510840304
0.524086284
0.540306307
0.53524814
0.536418128
0.533263176
0.528250982
0.515505256
0.484716305
0.529579831
0.527966438
0.485371385
0.518034216
0.529533385
0.535145039
0.542619051
0.544030865
0.538882529
0.528835824
0.518144736
0.492331362
0.532464482
0.529922681
0.486319261
0.519595993
0.531591387
0.541223525
0.540105138
0.542417268
0.541423397
0.532346747
0.522250501
0.485609752
0.530011042
0.531723337
0.488807678
0.521143781
0.529596094
0.535686887
0.542344817
0.542418863
0.536881955
0.527548709
0.516545115
0.484924765
0.526311965
0.529890702
0.484872083
0.515927155
0.526015283
0.534038323
0.534201127
0.532701834
0.532340911
0.521602676
0.508413176
0.483487189
0.518649771
0.514420884
0.475044057
0.509952633
0.517328974
0.520470147
0.523616391
0.523254879
0.519383877
0.510681034
0.50149532
0.465726241
0.503466601
0.569886923
0.447311858
0.477946534
0.494260815
0.493574612
0.497365206
0.494895032
0.494487158
0.485140393
0.473280451
0.449055739
0.545981088
0.577219275
0.519105733
0.539464072
0.546641212
0.544190718
0.539564145
0.535839464
0.526500558
0.50928252
0.549766065
