# Probe 0 (0.00909091 0.05 0.02)
# Probe 1 (0.01818182 0.05 0.02)
# Probe 2 (0.02727273 0.05 0.02)
# Probe 3 (0.03636364 0.05 0.02)
# Probe 4 (0.04545455 0.05 0.02)
# Probe 5 (0.05454545 0.05 0.02)
# Probe 6 (0.06363636 0.05 0.02)
# Probe 7 (0.07272727 0.05 0.02)
# Probe 8 (0.08181818 0.05 0.02)
# Probe 9 (0.09090909 0.05 0.02)
#             Probe                   0                   1                   2                   3                   4                   5                   6                   7                   8                   9
#              Time
   0.00945854825163     0.0661499302951     0.0662940312528     0.0665063994301      0.066728679434     0.0669273722101     0.0670701838504     0.0671467137416     0.0671502801214     0.0671045128481     0.0670365197008
   0.00948759510053     0.0661121679561     0.0662672205923     0.0664734155013      0.066697725313     0.0669090946631     0.0670769240503     0.0671763272733     0.0671980963089     0.0671624631549     0.0670918727645
   0.00951671721825     0.0661132268542     0.0662643294793     0.0664640227029      0.066691882635     0.0669046656192     0.0670791125495     0.0671964155693     0.0672418135739       0.06721935576     0.0671456473783
   0.00954583412026     0.0661323533867     0.0662508419481     0.0664571565103     0.0666861496774     0.0669166961068      0.067101918142     0.0672285271137     0.0672842515273     0.0672734304526     0.0672019948295
   0.00957499310901     0.0661927334847     0.0662946710195     0.0664680321928     0.0666859124747     0.0669176368816     0.0671138219727     0.0672623548731     0.0673368884131     0.0673316520923     0.0672591865228
   0.00960410376704     0.0662297753892     0.0663147037703     0.0664896486813     0.0667035468131     0.0669305258351     0.0671295981656     0.0672869142548     0.0673779718945     0.0673867243866     0.0673148308478
   0.00963318208458     0.0663099704311     0.0663708709972     0.0665191790788     0.0667241593074     0.0669581804598     0.0671592579616     0.0673234916595     0.0674202968333     0.0674324626325     0.0673695753884
   0.00966237603224     0.0664154402141     0.0664626088378     0.0665814479824      0.066770947218     0.0669876343044     0.0671840119469     0.0673567024795     0.0674629643911     0.0674866864291     0.0674256196546
   0.00969162513694     0.0665319528789     0.0665459615029     0.0666337169375      0.066813338896     0.0670246464472     0.0672177191416     0.0673856421402     0.0674992738694     0.0675323234497     0.0674763704667
   0.00972078808842      0.066628540479     0.0666347661995     0.0667111955555     0.0668643707596     0.0670542121229     0.0672389141854     0.0674148751394     0.0675367184882     0.0675686135756      0.067519118841
   0.00974999870707     0.0667689588477     0.0667455399573     0.0667898814885     0.0669156960103     0.0670948206178     0.0672699357892     0.0674396670806     0.0675609394783     0.0676024006384     0.0675615797989
   0.00977928645462     0.0668927766675     0.0668572109892     0.0668849698034     0.0669749968615     0.0671307710151     0.0672968697409     0.0674614339903     0.0675877639007     0.0676318641303     0.0675977835791
   0.00980849103932     0.0670738840486     0.0669871443612     0.0669762440948     0.0670329097197     0.0671683128195     0.0673221980125     0.0674774663165     0.0676089235454     0.0676586849079      0.067626619754
    0.0098378179547     0.0671782790995     0.0671018615981     0.0670785319299     0.0671080043528     0.0672089494758     0.0673473232734      0.067492620643     0.0676195654288     0.0676731705787     0.0676519400677
   0.00986713497353     0.0673461978214     0.0672389875142     0.0671673008602      0.067169826078     0.0672475068488     0.0673713183661     0.0675067604649     0.0676257039059     0.0676857130903     0.0676685110858
   0.00989632528964     0.0674942982388     0.0673583085731     0.0672774581715     0.0672504887023     0.0672919630946     0.0673898955102     0.0675161837282     0.0676253308942     0.0676903439836     0.0676802164109
   0.00992545608201     0.0676309325846     0.0674841196764      0.067369491604     0.0673223319683     0.0673380385374     0.0674085080104     0.0675227576634      0.067620593659      0.067683941205     0.0676851138021
   0.00995469369342      0.067755992897     0.0676002903679     0.0674715317365     0.0673931866431     0.0673749380631     0.0674250486805     0.0675210133059     0.0676066065628     0.0676710190261     0.0676859866964
    0.0099838387141     0.0678722831558      0.067716365461     0.0675664681557     0.0674654719087     0.0674192121777      0.067434381152     0.0675067958244     0.0675881692735     0.0676507699948     0.0676753733307
    0.0100130899847     0.0679898945776     0.0678266283341     0.0676500155437     0.0675176986084     0.0674454883222     0.0674396349148     0.0674947424955      0.067566108886     0.0676251942911     0.0676553727811
    0.0100423674169     0.0680948970567     0.0679226514236     0.0677358711098     0.0675794514273     0.0674796436654     0.0674427116986     0.0674736258314     0.0675364891758     0.0675946967655     0.0676359028608
    0.0100716131598     0.0681829384216     0.0679962481871      0.067795559796      0.067628635302     0.0675094292647      0.067449621002     0.0674516824729     0.0674996506047     0.0675606882272     0.0676071534869
    0.0101008373464     0.0682482650651     0.0680786500027     0.0678651174645     0.0676721596477     0.0675218071166     0.0674417067886     0.0674197102681      0.067460261162     0.0675208047506     0.0675704909975
    0.0101300015373     0.0682895040673      0.068121589795     0.0679197938782     0.0677249384877     0.0675489450069     0.0674377087472     0.0673883222352      0.067412950807     0.0674718960014      0.067531554126
    0.0101589161372     0.0683087262142     0.0681630433863     0.0679607775029     0.0677486111746     0.0675616853446     0.0674377653621     0.0673614026092       0.06736427277     0.0674214678931     0.0674835367611
    0.0101879711088     0.0683325247254      0.068186797127     0.0679891425959     0.0677658140256     0.0675585170004     0.0674130120195     0.0673263171394     0.0673171654285     0.0673665665723     0.0674322130459
    0.0102170205721     0.0682999310207     0.0681719613232      0.067996309671     0.0677748614299      0.067558355174      0.067390000341      0.067284674522     0.0672578778314     0.0673053151961     0.0673764978164
    0.0102459327021      0.068281164471     0.0681785319918     0.0680022739062     0.0677741846862     0.0675522015532     0.0673759272449     0.0672567214589     0.0672090028121     0.0672412003904     0.0673120703571
    0.0102748456427     0.0682481572636     0.0681624379869     0.0679945436849     0.0677814462682     0.0675488345437       0.06735808032     0.0672261103984     0.0671670718223     0.0671836490244     0.0672530268349
    0.0103036772968     0.0681879247531      0.068108086601      0.067958763909     0.0677606741657     0.0675370428192      0.067340310336     0.0671927737068     0.0671193575879      0.067126061337     0.0671952478605
     0.010332435829     0.0680976399149     0.0680447319769     0.0679212239888     0.0677340958434     0.0675125917632     0.0673127377125     0.0671624984938     0.0670771953297     0.0670704848826      0.067137733336
    0.0103611389251     0.0680116585311     0.0679797050226     0.0678725532462      0.067705836812     0.0674979124578     0.0672921182837     0.0671317052175      0.067038673047     0.0670241985526      0.067087000461
    0.0103898025827     0.0679016348163      0.067895420702     0.0678145050775     0.0676667271834     0.0674680151464     0.0672704719415     0.0671105612924     0.0670045012325     0.0669770267407     0.0670377774201
    0.0104184381693      0.067799781789     0.0678219893856     0.0677537217729     0.0676177696158     0.0674395178191     0.0672491519027     0.0670844434496     0.0669761428081     0.0669387128728     0.0669902759862
    0.0104470625711     0.0676827136447     0.0677093696055     0.0676653306425     0.0675650538284     0.0674111977283     0.0672317481934     0.0670663787062     0.0669509788768     0.0669053041816     0.0669514108101
    0.0104756946795     0.0675525204164      0.067594075156     0.0675913732567     0.0675050774152     0.0673708163181     0.0672115414605     0.0670517462833     0.0669378323061     0.0668842957852     0.0669160127657
    0.0105043495077      0.067401741073     0.0674812756497     0.0674932803094     0.0674400240071      0.067338043469     0.0671883529897     0.0670355604592     0.0669226507098     0.0668677099083     0.0668889006807
    0.0105330407085      0.067265609794      0.067362584701     0.0673977510384     0.0673777598029     0.0672926894351     0.0671688094737     0.0670320113239     0.0669127184031     0.0668512742001     0.0668622392781
    0.0105617900395     0.0671464900238     0.0672421815912     0.0673012829422      0.067310548632     0.0672535751902     0.0671542786616     0.0670288408442     0.0669128468698     0.0668493951528     0.0668502129607
    0.0105906155592     0.0670175051434     0.0671297955832     0.0672063806188     0.0672423394599     0.0672178561017     0.0671395265976     0.0670282551576      0.066918155881      0.066855144014     0.0668480906426
    0.0106195004181     0.0669024815613     0.0670215699598     0.0671137527205     0.0671749495183     0.0671751874328     0.0671242520356     0.0670329278837     0.0669322911722     0.0668653565561     0.0668473460768
    0.0106484109533     0.0667577635133      0.066908994828     0.0670302618974     0.0671085217497     0.0671381789118     0.0671119931953     0.0670401461267     0.0669554081329     0.0668857065484     0.0668563507384
    0.0106773875545      0.066636530326     0.0667993995021     0.0669327446902      0.067040537732     0.0671003724148     0.0671010898562     0.0670535041067     0.0669787477335     0.0669118228147     0.0668771660053
    0.0107064118482     0.0665598868029     0.0667077303771     0.0668569871896     0.0669841184573     0.0670638995023     0.0670904947542     0.0670648451553      0.067005831773     0.0669411659931       0.06689738632
    0.0107354016071     0.0664597586519     0.0666192013675      0.066789647148     0.0669342375745     0.0670396070064     0.0670907476912     0.0670831932118     0.0670342316553     0.0669747223583     0.0669269206977
     0.010764493215     0.0663918018207     0.0665479012231     0.0667232729489     0.0668825455358     0.0670101598982     0.0670892985197     0.0671031600978     0.0670676000374     0.0670135862194     0.0669650231938
    0.0107936091576     0.0663147226469      0.066482180597     0.0666696011068     0.0668447612549     0.0669912175922     0.0670820960761     0.0671165727129     0.0670979878489      0.067056284966     0.0670044573683
    0.0108226437233     0.0662881995016     0.0664297969634     0.0666185864041     0.0668119065275     0.0669717835963     0.0670824321682     0.0671382277812     0.0671313248438     0.0670959279288     0.0670448838811
    0.0108517105906     0.0662632087627     0.0664093083722     0.0665856963215     0.0667810500884     0.0669600107505     0.0670901008617     0.0671674835424     0.0671759704227     0.0671434550242     0.0670883974014
     0.010880729318     0.0662632678826     0.0663898786968     0.0665658901715     0.0667687364136     0.0669518969056     0.0670930096158     0.0671953931372      0.067223605119     0.0671990292069     0.0671409032963
    0.0109097737732     0.0662610045071     0.0663774743368     0.0665528079938     0.0667548712722     0.0669531302863     0.0671096407599     0.0672168943271     0.0672612069669     0.0672475131245     0.0671917819287
    0.0109388244123     0.0662965453335     0.0663893250762      0.066555978814     0.0667500626182     0.0669526258214     0.0671222277603     0.0672454727349      0.067302534819     0.0672918268024     0.0672336542073
    0.0109679935469     0.0663309714542     0.0664184309591      0.066578638971     0.0667645110749     0.0669668485139     0.0671410355443     0.0672697121069     0.0673396676015     0.0673417127986     0.0672854806412
    0.0109971253423     0.0663861639958     0.0664625112797      0.066599620929     0.0667903804956     0.0669870332614     0.0671649394447     0.0673023328392     0.0673771066114     0.0673854471121     0.0673344825817
    0.0110262156586     0.0664689525926     0.0665159570771     0.0666396667211     0.0668136151856      0.067003930804     0.0671855077062     0.0673323896172       0.06741823967     0.0674333466709     0.0673806826584
    0.0110552863237     0.0665571974467     0.0665843385525     0.0666857368004      0.066842839251     0.0670260969134     0.0672028758196      0.067356588653     0.0674523704313      0.067474457778     0.0674303558119
    0.0110844496291     0.0666568018536     0.0666610000585     0.0667398880867     0.0668763025867     0.0670566354589     0.0672284464287     0.0673802348389     0.0674826064618     0.0675102415145     0.0674668262636
    0.0111135190122      0.066758255204     0.0667498300202     0.0668048123235     0.0669173040586     0.0670818739161     0.0672481418839     0.0674034889566     0.0675111540846     0.0675392030055     0.0674989747575
    0.0111427443588     0.0668877829214       0.06684724053     0.0668799756166      0.066970827044      0.067113916416      0.067268760872     0.0674173430321     0.0675277233288     0.0675654427758     0.0675329861927
    0.0111720475967     0.0670155867843     0.0669523249031     0.0669670877509     0.0670383981076     0.0671570917541      0.067298798739     0.0674383422292     0.0675470746586     0.0675924382746     0.0675634039867
    0.0112012901329     0.0671199865458     0.0670573567408       0.06704520735     0.0670946641477     0.0671933474083     0.0673285747398     0.0674604080266     0.0675700081165     0.0676190901337     0.0675900280019
     0.011230485005     0.0672502324982     0.0671588860359     0.0671283650582     0.0671498266091     0.0672275094361     0.0673452518338     0.0674719875536     0.0675807779307      0.067634533427     0.0676093626481
    0.0112596276147     0.0673974641641     0.0672905335306     0.0672248927892     0.0672228606897     0.0672726115256     0.0673627414508     0.0674761137073      0.067577483788     0.0676368717541     0.0676205619374
    0.0112887080972     0.0675100388686     0.0673970379511     0.0673116613633     0.0672805562538     0.0673116327657     0.0673842288399     0.0674875216071     0.0675768538433     0.0676355605945     0.0676269494193
    0.0113177906605     0.0676219135196     0.0674931034098      0.067393452734     0.0673414904277     0.0673478682968     0.0673926550218     0.0674862270495     0.0675701125475     0.0676314149564     0.0676314240306
    0.0113469208868     0.0677571542099      0.067616664525     0.0674828101042     0.0674000909612     0.0673784869148     0.0674072238658     0.0674796363277     0.0675507388521     0.0676125306224     0.0676254197032
    0.0113760805587     0.0678673707365     0.0677061416623     0.0675710531685     0.0674688723599     0.0674129639274     0.0674135939039     0.0674664470381     0.0675322105779     0.0675886521884     0.0676131380795
    0.0114052977669     0.0679334871199     0.0677715089628     0.0676294801518     0.0675082980931     0.0674370208284     0.0674218885219     0.0674522979882     0.0675058253476     0.0675633605129     0.0675994305399
    0.0114344891293     0.0680264709615     0.0678681970865     0.0676963276134     0.0675484894287     0.0674542755395      0.067418667607      0.067433721531     0.0674837640948     0.0675342324445     0.0675752216365
    0.0114637009964     0.0680788757579     0.0679326422457     0.0677672006457      0.067603001307     0.0674797664628     0.0674151308205     0.0674117627024     0.0674536092737     0.0675027455962     0.0675474993228
    0.0114929150737     0.0681345824145      0.067979485547     0.0678123602687     0.0676316270235     0.0674938549304     0.0674151108655      0.067390391952     0.0674167020304     0.0674635826349     0.0675105037294
    0.0115220432675     0.0681557377987     0.0680184000931     0.0678457102068     0.0676531710108     0.0674996728471     0.0674031518074     0.0673654945904      0.067377141089     0.0674161182467     0.0674648270771
    0.0115511905429     0.0682106522462     0.0680637018265     0.0678844044847     0.0676869342356     0.0675130574012     0.0673932987889     0.0673354020702     0.0673311603596     0.0673676579698     0.0674211429362
    0.0115803828335     0.0681870936172     0.0680695427805     0.0679083022385     0.0677095404906     0.0675244389074     0.0673879715064     0.0673076529126      0.067287765959     0.0673189046111     0.0673777266191
    0.0116094919988     0.0681816866922     0.0680624496105     0.0679022388715     0.0677132456848     0.0675243695241     0.0673698935208     0.0672755107753     0.0672466680095     0.0672721002487       0.06733103832
    0.0116385162459     0.0681643129503     0.0680648877329     0.0679113463712      0.067710533887     0.0675137189512     0.0673551001578     0.0672469194663     0.0672025581712     0.0672196121393     0.0672796842134
    0.0116674688737      0.068097677421     0.0680312536449     0.0679001653299     0.0677117448302     0.0675161156748     0.0673433259908     0.0672196067644     0.0671645024404     0.0671696892144     0.0672270117561
    0.0116963595106     0.0680313537695     0.0679620176643     0.0678428482872      0.067675651563     0.0674936703725     0.0673267822509     0.0671933058817     0.0671249207713     0.0671206796617     0.0671808081411
    0.0117252023828     0.0679772934967     0.0679315625956     0.0678211206534     0.0676503595604     0.0674699615594      0.067298432744     0.0671625825278     0.0670873598023     0.0670733424334     0.0671332649161
    0.0117540003013     0.0678953987928     0.0678703484398      0.067777138539     0.0676287503222       0.06745689892     0.0672812879128     0.0671388311187     0.0670544090101     0.0670324297914     0.0670882076094
    0.0117827617217     0.0677875304538      0.067785456145      0.067709629672     0.0675866457373     0.0674299646002     0.0672611570191     0.0671183669936     0.0670277298617     0.0669953551712     0.0670446131165
    0.0118115027089     0.0676751106374     0.0676867525964     0.0676435049819     0.0675424844729     0.0673961193641     0.0672431095533      0.067098185508     0.0669984056923     0.0669614804458     0.0670056135184
    0.0118402322194     0.0675581387672     0.0676093240044     0.0675852174575     0.0675012645204     0.0673726045373     0.0672293143695     0.0670816908582     0.0669799035586     0.0669374295665     0.0669707028867
    0.0118689695901     0.0674419704232     0.0674997031643     0.0675010749108     0.0674517854593     0.0673419630806     0.0672145592146     0.0670744026535        0.0669687824     0.0669252956842      0.066948138991
    0.0118977263652     0.0673488848072     0.0674053479014     0.0674259456879     0.0673839311814     0.0672957627487     0.0671921162501     0.0670669875476     0.0669637622065     0.0669147563899     0.0669291404709
     0.011926505042     0.0672266197017     0.0673047909366     0.0673487551605     0.0673298876105       0.06726676388     0.0671721776531     0.0670639394456     0.0669593824583     0.0669064590116     0.0669085460955
    0.0119553178288     0.0670906465678     0.0672027748871     0.0672565353954     0.0672710932166     0.0672393303778     0.0671622946351     0.0670650604094     0.0669640800926     0.0669053727047     0.0669002392313
    0.0119841843875      0.066986051875     0.0671115772518     0.0671842208443     0.0672166345956     0.0672053697463     0.0671459678952     0.0670614148585     0.0669657593373     0.0669085293921     0.0669014616138
    0.0120131087265     0.0668616259522     0.0669977375279     0.0670994400795     0.0671614244964     0.0671777864195     0.0671375730933     0.0670644610308     0.0669773090895     0.0669187269459       0.06689970812
    0.0120420271255      0.066771607058     0.0669076806582     0.0670116806374     0.0670981432967     0.0671388444086     0.0671295378045     0.0670729630157     0.0669997071828     0.0669383510642     0.0669127890733
    0.0120707658704     0.0666905058147     0.0668081610714     0.0669510973289     0.0670505321127     0.0670991982557     0.0671128675702     0.0670785425883     0.0670216956904     0.0669637125117     0.0669386446908
    0.0120995914581     0.0666029823974     0.0667377268337     0.0668849267144     0.0670015668067     0.0670803457974     0.0671129818065      0.067087892312     0.0670412443262     0.0669924739333     0.0669632287085
    0.0121284554046      0.066515602907     0.0666522164788     0.0668068413934     0.0669438214469     0.0670425633783     0.0671025624877     0.0671064354009     0.0670751355434     0.0670238266717     0.0669860198411
    0.0121573921225     0.0664798881768     0.0666079863184     0.0667633416141     0.0669103097357     0.0670246953912     0.0670915024719     0.0671190234376     0.0671024150377     0.0670574884126     0.0670194844726
    0.0121864291915     0.0664242301432     0.0665571081953     0.0667213018551     0.0668761896734     0.0670128493293     0.0671033311477     0.0671461549594      0.067131688265     0.0670924351177      0.067052173531
    0.0122154523189     0.0663954699984     0.0665242223011      0.066684284358     0.0668512975566     0.0670053744473     0.0671046931015     0.0671679911265     0.0671738831394     0.0671371101794     0.0670920922388
    0.0122444543781     0.0663761464352     0.0664887420717      0.066656248573     0.0668334350193     0.0669990992971     0.0671117749567     0.0671850191722      0.067203118251     0.0671790255671      0.067133896891
    0.0122735786493     0.0663781707098     0.0664909492714     0.0666503639694      0.066825571433     0.0669931267554      0.067120309347     0.0672081132125     0.0672412597903     0.0672191098492     0.0671689687412
    0.0123026725635     0.0663966155894     0.0664964404222     0.0666426120726     0.0668286839465     0.0669944192829     0.0671301616717     0.0672286178592     0.0672799098443     0.0672686425624     0.0672162237279
    0.0123315022856     0.0664213945695     0.0665173960138     0.0666532250283     0.0668255841579     0.0669959660873     0.0671451502431     0.0672498033229     0.0673121200558     0.0673102463133     0.0672585791459
    0.0123605090825     0.0664631017545     0.0665368017311     0.0666537236164     0.0668279566204     0.0670071569633     0.0671613417085     0.0672758394938     0.0673480562364      0.067347966369     0.0672924101797
    0.0123895345541     0.0665198722869     0.0665692171843     0.0666903231086     0.0668447276382      0.067023100195     0.0671822846031     0.0673064572869     0.0673835085458     0.0673895024364     0.0673376831772
    0.0124186134778     0.0665976822394     0.0666305766712     0.0667233459758     0.0668665349528     0.0670424213961     0.0671978588807     0.0673286202521     0.0674101723079     0.0674288374072     0.0673784215059
    0.0124477961552     0.0666905114595     0.0667066442591     0.0667796768354     0.0669052271676     0.0670633084333     0.0672146110666     0.0673472627611     0.0674321751364     0.0674576110241     0.0674106318363
    0.0124770586785     0.0667571562975     0.0667592174223     0.0668300080634     0.0669454511257     0.0670964885737     0.0672382519888     0.0673688016576     0.0674562006748     0.0674895685379     0.0674491422817
    0.0125063006147      0.066869263291     0.0668518222806     0.0668910382306     0.0669837327726     0.0671217153023       0.06725939298     0.0673926700274     0.0674833214656     0.0675221439667     0.0674873416183
    0.0125355271815     0.0669679320153     0.0669428157237     0.0669590600924     0.0670307338412     0.0671498917997     0.0672809530698     0.0674123218548      0.067506849998     0.0675462046966     0.0675162979908
     0.012564779617     0.0670873067689     0.0670351673026     0.0670264969296     0.0670851111975     0.0671863706661     0.0673073109107     0.0674345136447      0.067523355279     0.0675606048846     0.0675419595991
    0.0125940132992     0.0672027097305     0.0671281150827     0.0670972360765      0.067131713705     0.0672183238721      0.067331525455     0.0674484240628     0.0675346658777     0.0675758515751      0.067561543239
    0.0126232963962     0.0672940345386     0.0672170033468     0.0671709700185     0.0671863648939     0.0672488493095     0.0673413745186     0.0674486748083     0.0675375004896     0.0675810333903     0.0675738782245
    0.0126525776963     0.0674154300096     0.0673376408921     0.0672600072924     0.0672473533207     0.0672820201552     0.0673603728586     0.0674519194287     0.0675325799802     0.0675763153528     0.0675760149287
     0.012681821113     0.0675333755262     0.0674210695591     0.0673376039529     0.0673063935885     0.0673172105679     0.0673778753254     0.0674532249415     0.0675300577244     0.0675761421886     0.0675799022216
    0.0127110032462     0.0676257577549     0.0675072992312     0.0674044689397     0.0673465795122     0.0673393605679     0.0673833089882     0.0674453919933     0.0675201155721     0.0675723245533     0.0675812819145
     0.012740199696     0.0677234221421     0.0675850626025     0.0674800441114     0.0674083481363     0.0673706920735      0.067390921093     0.0674375245019     0.0675031850577     0.0675594896441     0.0675724559537
    0.0127693344354     0.0678003641354     0.0676742721121     0.0675493784311     0.0674451600586      0.067395914755     0.0673995009258     0.0674327452476      0.067487929481     0.0675442319623     0.0675624245845
    0.0127985291852     0.0678999198533     0.0677448775575     0.0676071084293     0.0675000597068     0.0674188379228     0.0673918311624     0.0674182541548     0.0674655640723     0.0675230986613     0.0675444238447
    0.0128276324551     0.0679400709441     0.0678132240888     0.0676678750024     0.0675363518652     0.0674440745586     0.0674001385771     0.0674038267467     0.0674381655482     0.0674891070424     0.0675153619671
    0.0128566617224     0.0679899558934     0.0678700801694      0.067707847168     0.0675704122448     0.0674648471166     0.0673979462921     0.0673909101228     0.0674133725716      0.067453789974     0.0674869162788
    0.0128857628339     0.0680291060809     0.0678979809286     0.0677529922925      0.067600932486     0.0674749854903     0.0673949891077     0.0673639637466     0.0673783887005     0.0674214687928     0.0674573670608
    0.0129148646793      0.068070312897     0.0679586180529     0.0677921864062     0.0676197215395     0.0674854627595     0.0673831637285     0.0673305893095     0.0673405632346     0.0673779068198     0.0674173929869
     0.012944044837     0.0680828325109     0.0679800216619     0.0678117943604     0.0676460270898     0.0674929717382     0.0673773453545     0.0673072461396     0.0673012449781     0.0673304397731      0.067377703337
    0.0129731809589     0.0680636947314     0.0679724155308     0.0678250715135     0.0676522407103     0.0674918385673     0.0673701108176     0.0672887143174     0.0672691806148     0.0672913714613     0.0673429529367
    0.0130022580027     0.0680567396595      0.067960978158     0.0678210282364     0.0676489629146     0.0674840935638     0.0673528484605     0.0672600635711     0.0672318650295     0.0672506844512     0.0673026474295
    0.0130312857859     0.0680108286954     0.0679445699701     0.0678209677916     0.0676419627571     0.0674759548549     0.0673380186219     0.0672370358582      0.067191980265     0.0672007629712     0.0672560966544
    0.0130602563427     0.0679957519009     0.0679196037484     0.0678012802753      0.067638291259     0.0674718810932     0.0673283120525     0.0672162960251     0.0671545799058     0.0671565875113     0.0672071047699
    0.0130891829761     0.0679057940034     0.0678588783871     0.0677640222658     0.0676158387427     0.0674574139089     0.0673190430886     0.0671920701004     0.0671203803551     0.0671157599111      0.067162541064
    0.0131180716996     0.0678420298609     0.0678047896542     0.0677180763493     0.0675901437547     0.0674406937378     0.0672944319255      0.067165414666     0.0670901076912     0.0670765295752     0.0671242355291
    0.0131469350953      0.067775741093     0.0677455785734      0.067680323309     0.0675666574746     0.0674233527249     0.0672797230355     0.0671447661555     0.0670613033184     0.0670436099481     0.0670876214788
    0.0131757843444     0.0676929646014     0.0676889486516     0.0676417053091     0.0675347894761     0.0674030718729     0.0672626359879     0.0671310984368     0.0670460921358     0.0670138297773     0.0670524167563
    0.0132046372663     0.0675933976553     0.0676040204495     0.0675702810898      0.067491849052     0.0673759004779     0.0672419595949     0.0671177812522     0.0670262326544     0.0669899189255     0.0670241971659
    0.0132335227719     0.0674883156428     0.0675199659352     0.0675060913737     0.0674385124151     0.0673423100874     0.0672233778233     0.0671052477635     0.0670102548683     0.0669703217432     0.0669986906665
    0.0132624282258     0.0673696627261     0.0674493690069     0.0674435956028     0.0673992435494     0.0673200827508     0.0672079915698     0.0670938736767      0.067002494066     0.0669590092803     0.0669765723976
    0.0132913647689     0.0672909900852     0.0673599307178     0.0673771327247     0.0673557912507     0.0672901601955     0.0671971746924     0.0670906842436     0.0670043334473     0.0669530874994     0.0669600439101
    0.0133203390104     0.0671762243923     0.0672534859853     0.0672993648347      0.067300962533     0.0672565345755     0.0671769862546      0.067079614474     0.0670028416272     0.0669496110938     0.0669502764113
    0.0133493535633     0.0670806783779     0.0671633097005     0.0672246552745     0.0672468531509     0.0672262315442     0.0671648509309     0.0670795532153     0.0670018020113      0.066948211482     0.0669450628614
    0.0133783222517     0.0669660695542     0.0670675863593     0.0671501739506     0.0671973799799     0.0671971823286     0.0671497907115     0.0670814724529     0.0670123404421     0.0669596529759     0.0669459934178
     0.013407305661     0.0668935711545     0.0669891679064     0.0670726896413     0.0671408963693     0.0671671539895     0.0671384580887     0.0670830193736     0.0670198771455     0.0669717496033      0.066953686999
    0.0134363359679     0.0667816250975     0.0669090734747      0.067013377886     0.0670938561911     0.0671335305984     0.0671250574002     0.0670888956301     0.0670344655368     0.0669842807503     0.0669609861585
    0.0134652664428      0.066715109024     0.0668304036178     0.0669492297909     0.0670505077257     0.0671105023135     0.0671238056856     0.0670969781291     0.0670530416162     0.0670065341379      0.066977531962
     0.013494306561     0.0666496280853     0.0667657703923     0.0668953697577     0.0670097034091     0.0670858337706      0.067121706435     0.0671111909016     0.0670784441279     0.0670312443794     0.0670010841745
    0.0135234084031     0.0665857828577     0.0667116444337     0.0668490812576     0.0669751784175     0.0670636515412     0.0671182660902     0.0671269456769     0.0671055187927     0.0670626502535      0.067023327031
    0.0135524652637     0.0665578758697     0.0666679474103     0.0668070311633     0.0669459349115     0.0670486052985     0.0671177309554     0.0671450225654     0.0671357766249     0.0670948634769      0.067050871509
    0.0135815239568     0.0665339220955     0.0666256772147     0.0667715804711     0.0669193608748     0.0670387909897     0.0671232782777     0.0671659216267     0.0671648426494     0.0671322163692      0.067084967797
    0.0136105869925     0.0664897005108     0.0665971076516      0.066745659099     0.0668934670544     0.0670315547411     0.0671283088976     0.0671854285557     0.0671961013583     0.0671708020404     0.0671200748562
    0.0136396889124     0.0664821889983     0.0665848034974     0.0667302282728     0.0668795018006     0.0670258108733     0.0671332434931     0.0672045845848     0.0672272106516     0.0672072706226      0.067153069825
    0.0136688486615      0.066472047441      0.066586952038     0.0667235767529     0.0668740954323     0.0670246709016     0.0671429318868     0.0672231000709     0.0672575756633     0.0672439503644      0.067191828929
     0.013697940143     0.0665266062672     0.0665919121376      0.066714343435     0.0668648023911     0.0670232702887     0.0671498488648      0.067242326463     0.0672862557553     0.0672806803273     0.0672331240228
     0.013727075059     0.0665675881677     0.0666128198626     0.0667292270453     0.0668746795735     0.0670322192877     0.0671635796082     0.0672608908563     0.0673140551853     0.0673195323934     0.0672712095506
    0.0137562745817     0.0665787892657     0.0666400989974     0.0667514051871      0.066892005197     0.0670440171436     0.0671802956848      0.067289772028     0.0673523316023     0.0673565251828     0.0673071165778
    0.0137854733348     0.0666588679226     0.0666944005486     0.0667791987101     0.0669146003588     0.0670647604826     0.0671980241219     0.0673107678315     0.0673793795429     0.0673949043932     0.0673503922243
    0.0138147043213     0.0667325712833     0.0667396614708     0.0668173128558     0.0669417865643     0.0670802004295     0.0672179440424     0.0673351898327     0.0674013916384     0.0674200630443     0.0673857505968
    0.0138439765847     0.0667988160987     0.0668091000777     0.0668637182971     0.0669676655266     0.0671010202244     0.0672365520704     0.0673540007515     0.0674283974681     0.0674508126165     0.0674147505703
    0.0138732616945      0.066874748767     0.0668655702119     0.0669108654521     0.0670034025489     0.0671280143777     0.0672537913082     0.0673720949007     0.0674513502559     0.0674751159091      0.067451154617
    0.0139025155932     0.0669746821706     0.0669411310834     0.0669658035243     0.0670368089266     0.0671505369421     0.0672710767925     0.0673872942482     0.0674653430109     0.0674967906069     0.0674761784331
    0.0139316632403      0.067045775271     0.0670136754971     0.0670268232313      0.067081557992     0.0671772440375     0.0672885664402      0.067400256904     0.0674792690583     0.0675127037681     0.0674944316799
    0.0139607926467     0.0671731285858      0.067114514193     0.0670927711094      0.067125656745     0.0672019665731     0.0673018399983     0.0674132371876     0.0674903643664     0.0675268468899     0.0675150857015
     0.013989750554     0.0672485192086     0.0671896501697     0.0671533107992     0.0671695303848     0.0672280547092      0.067318298565     0.0674194337201     0.0674936283129      0.067534787103     0.0675272179212
    0.0140188837146     0.0673551183603     0.0672757349702     0.0672218609981     0.0672219851827     0.0672613287062      0.067331691897     0.0674235499805     0.0675000470221     0.0675381480885      0.067534772393
    0.0140481288406      0.067457186869     0.0673631482555     0.0672938853411     0.0672611833595      0.067289938151     0.0673506537741      0.067424646384     0.0674987932985     0.0675432029293     0.0675456998164
    0.0140773631874     0.0675501920143     0.0674440559281     0.0673753752295     0.0673190667782     0.0673203924322     0.0673596890709     0.0674214742113     0.0674957867698     0.0675422843649     0.0675463617481
    0.0141066177636     0.0676255505459     0.0675093874893     0.0674268723693     0.0673638367955     0.0673550521922     0.0673755698293     0.0674166237818      0.067483400699      0.067534026535     0.0675390900236
    0.0141357578945     0.0677115517589     0.0675847247721     0.0674821726537     0.0674029118452     0.0673669371703     0.0673753656693     0.0674128125105     0.0674666005483     0.0675147324765     0.0675264326132
     0.014164824578     0.0677770041087     0.0676603896813      0.067548228829     0.0674544838581     0.0673919000854     0.0673775718446      0.067397857733     0.0674466621362     0.0674991057459     0.0675126887549
    0.0141940138686     0.0678324791361     0.0677239327051     0.0675954628933     0.0674946107659     0.0674170859241     0.0673830562297     0.0673886287714     0.0674232245342     0.0674730069713     0.0675003383884
     0.014223170689     0.0678856813406     0.0677714382423      0.067635771245     0.0675200659582     0.0674261618162     0.0673772525397     0.0673729922576     0.0673992279125     0.0674425594168     0.0674724557522
    0.0142522505116     0.0679285663968     0.0678183353553     0.0676821099977     0.0675451532307     0.0674356013951     0.0673728297167     0.0673506955212     0.0673680438358     0.0674079042304      0.067444583388
    0.0142813245696     0.0679551373323     0.0678518255892     0.0677187593894     0.0675772016027      0.067451995795     0.0673694954805     0.0673326190085     0.0673363497857     0.0673708953058       0.06741688372
    0.0143104856303     0.0679857671015     0.0678800299072     0.0677443454736     0.0675865509309     0.0674518577995     0.0673660015575     0.0673162805252     0.0673067582755     0.0673408294933     0.0673837691098
    0.0143396651784     0.0679511670736     0.0678657657426     0.0677415585262      0.067597799548     0.0674536900835      0.067351390511      0.067289199792     0.0672774347743      0.067305116527     0.0673472845329
    0.0143686772627     0.0679654557767     0.0678812301823     0.0677482676476      0.067598512782     0.0674498317255     0.0673461310258     0.0672728300793     0.0672420927279     0.0672639311636     0.0673079297632
    0.0143977581104     0.0679411708877     0.0678591937853     0.0677437494036     0.0676063695105     0.0674541646615      0.067333622709     0.0672531805607     0.0672163645358     0.0672294767272     0.0672703831967
    0.0144267733889     0.0678962021115     0.0678363233673     0.0677268195107     0.0675943774896     0.0674477353272     0.0673215717927     0.0672299203958     0.0671818714979     0.0671908062495     0.0672331296875
    0.0144556412523     0.0678467106252     0.0677954652869     0.0677037370752      0.067578189778     0.0674343062253     0.0673050150817     0.0672077513939     0.0671548093238     0.0671471359601     0.0671898460978
    0.0144845642398     0.0677889487114     0.0677584078379     0.0676780367062     0.0675612908837     0.0674234562178     0.0672938291702     0.0671874564683     0.0671251772205     0.0671126516121     0.0671571538094
    0.0145135094639     0.0677472842357     0.0677190035189      0.067643061315     0.0675373043917     0.0674074790255     0.0672829513283     0.0671708082487     0.0671026053822     0.0670832222892     0.0671254731446
    0.0145424545693     0.0676455590225     0.0676629692019     0.0676102477187     0.0675080379535     0.0673810703736     0.0672597321184     0.0671501263058     0.0670811872991     0.0670558739114     0.0670915469006
    0.0145713873088     0.0675780068542     0.0675987386453     0.0675537865053     0.0674810090851     0.0673670379318     0.0672481887333     0.0671347574559      0.067059015345     0.0670290349069     0.0670606837076
    0.0146003021885     0.0674989889878     0.0675345274819     0.0675148215665     0.0674391516818     0.0673354973786     0.0672372702274     0.0671323059275      0.067051330357     0.0670136549501     0.0670381699585
    0.0146292558541     0.0673981232283      0.067438497651     0.0674431913193     0.0674025844113      0.067317577956     0.0672157165731     0.0671187082016     0.0670442252756     0.0670061628327     0.0670227909272
    0.0146582289385     0.0673191362342     0.0673650174539     0.0673821526149     0.0673471449019     0.0672817359301     0.0672022865236     0.0671118054265     0.0670327860832     0.0669919480095     0.0670025451137
    0.0146871886827     0.0672316410823      0.067277881815     0.0673262229593     0.0673159879033      0.067261582693     0.0671829063911     0.0671041228642     0.0670304609804     0.0669839781315     0.0669872342346
    0.0147161799285      0.067140271952     0.0672105870242     0.0672576488031     0.0672689189153     0.0672405091224     0.0671803231735     0.0671038252897     0.0670280940169     0.0669849604346     0.0669854627327
    0.0147451803357     0.0670258105496     0.0671224364951     0.0671870902824     0.0672191887167      0.067208269096     0.0671641071522     0.0671024423508     0.0670354018576     0.0669884135539      0.066981000511
    0.0147742009002     0.0669564154474     0.0670562911083     0.0671240098083     0.0671753075703     0.0671825047785      0.067150428232     0.0671013294421     0.0670420696757     0.0669931633834     0.0669819608874
     0.014803183895     0.0668915636091     0.0669946754179      0.067074743033      0.067135720161     0.0671623077609     0.0671478031763     0.0671147324199     0.0670552449309     0.0670065757506     0.0669939018022
    0.0148320588462     0.0667999725744     0.0669106029771     0.0670107833727     0.0670921468336     0.0671415807565     0.0671429962181     0.0671243912906     0.0670754754916     0.0670322416504     0.0670123702848
    0.0148609462986     0.0667516775678      0.066853488758      0.066953827124     0.0670531169444     0.0671170391512     0.0671352091089      0.067132468894     0.0670938852621      0.067052590189     0.0670290833019
    0.0148899043722     0.0667014132211     0.0668082782536     0.0669256007255     0.0670285071016     0.0670961679614     0.0671336258567     0.0671426966392     0.0671151132893     0.0670761065414     0.0670476010363
    0.0149189105824     0.0666436961269     0.0667562108062     0.0668726578043     0.0669956996413     0.0670867918343      0.067136108995      0.067155082959     0.0671368755621     0.0671011497076      0.067073587777
    0.0149479347585     0.0666173687347     0.0667216537805     0.0668462367837     0.0669640056544     0.0670648843154     0.0671348950693      0.067170931776        0.0671608498     0.0671293080414     0.0670953735945
    0.0149769877944      0.066600006321     0.0666966601903     0.0668181000875     0.0669452477101     0.0670612207134     0.0671386213663     0.0671837975869     0.0671855819131     0.0671573279502     0.0671208754396
    0.0150060355053     0.0665814178743     0.0666760882413     0.0668029200155     0.0669289277997     0.0670532970413     0.0671427776224     0.0671983674031     0.0672096870734     0.0671881217121     0.0671525022891
    0.0150351345326     0.0665794460592     0.0666587816921     0.0667821218109     0.0669197999857     0.0670537825387     0.0671476524603     0.0672142825808     0.0672371905005     0.0672220889695     0.0671828650898
    0.0150642564912     0.0665851319951     0.0666623012755     0.0667821288523      0.066914182911     0.0670525972927     0.0671589679015     0.0672340486703     0.0672678890349      0.067256170792     0.0672131034177
    0.0150934062095     0.0666216086231     0.0666861263651      0.066791020842     0.0669213179454      0.067058168491     0.0671674621096      0.067254781935      0.067296106237     0.0672887055608     0.0672466594004
     0.015122582663     0.0666607648552     0.0667026512095      0.066797339411     0.0669294371519     0.0670657234877     0.0671835577108     0.0672736186076     0.0673200773134     0.0673231531895     0.0672808057124
    0.0151517149112       0.06669565358     0.0667340529364     0.0668274306322      0.066942030786     0.0670760439736     0.0671989080942      0.067292999069     0.0673447490969     0.0673530633113     0.0673134084469
    0.0151809199603     0.0667523368704     0.0667742076784     0.0668548593887     0.0669696786134     0.0670974703627     0.0672191664041     0.0673171121919     0.0673724318644     0.0673823238328     0.0673441381787
    0.0152102078151     0.0668120652529     0.0668193251365     0.0668878103693     0.0669899371157     0.0671101162153     0.0672325596115     0.0673339152544     0.0673934019683     0.0674090080673     0.0673765860139
    0.0152394895211     0.0668968918109      0.066893642477     0.0669359678532     0.0670198185981     0.0671300306587     0.0672435165081     0.0673483207732     0.0674128718087     0.0674294076707     0.0674049346096
    0.0152686956196     0.0669656013559     0.0669429141396     0.0669718638366     0.0670579257136     0.0671594859112     0.0672587038662     0.0673615923472     0.0674322560121     0.0674537353496     0.0674304234957
    0.0152977678935     0.0670273175073     0.0670030592005     0.0670282170773     0.0670822111386     0.0671736949705      0.067276600003     0.0673774286448     0.0674480291971     0.0674705353768     0.0674512571513
    0.0153269506134     0.0671308545394     0.0670831414314     0.0670849578285     0.0671266384283     0.0672018419753     0.0672883893507     0.0673826935861     0.0674605809057     0.0674882422822     0.0674688948965
    0.0153561778163     0.0672299964276     0.0671679558919     0.0671448695674     0.0671633771748     0.0672242780909      0.067308821067     0.0673919608029     0.0674637742394     0.0675008159928     0.0674852874772
    0.0153854204075     0.0673144635135     0.0672244191338     0.0672057883971     0.0672068115632     0.0672484857566      0.067319959163     0.0674028447911     0.0674720690804     0.0675078543227     0.0674924279313
    0.0154145950192     0.0673808217769     0.0673102240141     0.0672603715524     0.0672401678543     0.0672725284077     0.0673322287023     0.0674050909989     0.0674678990531       0.06751146933     0.0675006917594
    0.0154437404297     0.0674744364324     0.0673852325952     0.0673228413225     0.0672892014675     0.0672964575656     0.0673418000267     0.0674052606089     0.0674607351393     0.0675064111399     0.0675049638791
    0.0154728581814      0.067551260655     0.0674554947044     0.0673784917982     0.0673313092677     0.0673241910835     0.0673502276016     0.0673990388091     0.0674557476907     0.0675005646978     0.0675016944738
    0.0155019997935     0.0676160773554     0.0675205390895     0.0674333690149      0.067369982059     0.0673415951566     0.0673580740261     0.0673976978219     0.0674475026264     0.0674876598727     0.0674957367526
    0.0155311503506      0.067682507214     0.0675882352832     0.0674913904047     0.0674118090192     0.0673639175043     0.0673618465326     0.0673870152427     0.0674309208717     0.0674705422292     0.0674869283112
    0.0155603654576     0.0677361876687     0.0676397060082     0.0675367679989     0.0674462686789      0.067386412536      0.067367277598     0.0673778080195     0.0674103477281     0.0674494220008     0.0674705567098
    0.0155895252358      0.067800933934     0.0676860997998     0.0675760969812     0.0674717461518     0.0673995964638     0.0673625234278     0.0673646162008     0.0673921139105     0.0674263830918     0.0674499658553
    0.0156185308086     0.0678257863166     0.0677265615939      0.067607707547     0.0674982505789     0.0674096568647     0.0673564820212     0.0673475811772     0.0673657379843     0.0674001493667     0.0674285958879
    0.0156476972309     0.0678618864222     0.0677653917391     0.0676445992545     0.0675204542008     0.0674237876409     0.0673562191404      0.067327751972     0.0673374725125     0.0673710781734     0.0674020433988
    0.0156768640737     0.0678770262569     0.0677907259501     0.0676719620426     0.0675467139187      0.067436443388     0.0673514359839     0.0673131824492     0.0673123964081     0.0673406219381     0.0673744714408
    0.0157059750293      0.067863507926     0.0677995774954     0.0676738345499     0.0675517119109     0.0674374111119     0.0673470063636     0.0672967843188     0.0672858752197     0.0673106932356     0.0673462215747
    0.0157350673059     0.0678738140261     0.0678019543246     0.0676859236022     0.0675488007293     0.0674350079481     0.0673375005247      0.067278960055     0.0672595579629     0.0672788007101     0.0673163958813
    0.0157642274679     0.0678562633069     0.0677852308283     0.0676868192236      0.067559886477     0.0674357731935     0.0673279666006     0.0672609189383      0.067231863319     0.0672456275204     0.0672851220845
    0.0157933241197     0.0678411772294     0.0677731481791     0.0676747545249     0.0675498932756     0.0674269554425     0.0673217643846     0.0672423723284     0.0672023985337     0.0672118773636     0.0672490351307
    0.0158223883828     0.0678069405812     0.0677579910919     0.0676588312705     0.0675423233185     0.0674122768432     0.0673039778407     0.0672199952276     0.0671755110989     0.0671761150751     0.0672124649921
    0.0158514063354     0.0677593219666     0.0677233442163      0.067647584264     0.0675402539559     0.0674054330737     0.0672934413972     0.0671987966725     0.0671461991196     0.0671439585554      0.067179424191
    0.0158803352825     0.0676943409329     0.0676817136084      0.067614436783      0.067517811465     0.0673951770757     0.0672895864271     0.0671852189898     0.0671234737816     0.0671158370359     0.0671497938158
    0.0159093229803     0.0676390652388     0.0676226382685     0.0675685742651     0.0674911767012     0.0673756119634     0.0672747919247     0.0671703355938     0.0671082691649     0.0670923375384     0.0671221779401
    0.0159383157309      0.067570385271     0.0675878731017     0.0675354106601     0.0674560888294      0.067355807246     0.0672567128117     0.0671568907319     0.0670926575495     0.0670706726652     0.0670980241991
    0.0159673059987      0.067492690929     0.0675147728178     0.0674929408464     0.0674354349395     0.0673481432568     0.0672479986454     0.0671509727277     0.0670774916778     0.0670517769935      0.067077457873
    0.0159961271878     0.0674231383473     0.0674549675072     0.0674458851057     0.0673894554044     0.0673210010434     0.0672346220538     0.0671467622495     0.0670698425856     0.0670364395313     0.0670541789211
    0.0160249758142     0.0673516463317     0.0673854860392     0.0673897619593     0.0673598223327     0.0673019907825     0.0672186533525     0.0671347136962     0.0670559793283      0.067021154579     0.0670354297849
    0.0160539199382     0.0672476882373     0.0673051713623      0.067331684015     0.0673164432858     0.0672733366928     0.0672104407869     0.0671348199711      0.067054021567     0.0670110955915     0.0670220984656
    0.0160828839461     0.0671756393563     0.0672289131393     0.0672766500454     0.0672778298372     0.0672490572312     0.0671923219794      0.067120610706     0.0670511439445      0.067013558632     0.0670199160097
    0.0161118447064     0.0670941667568      0.067170372435     0.0672223150468     0.0672411356099     0.0672256123947      0.067183251454     0.0671173512279     0.0670510875397     0.0670093679257     0.0670144499046
    0.0161408774812     0.0670409038186     0.0671104020264     0.0671688730738     0.0672047994361     0.0672010160855     0.0671755604819     0.0671216452907     0.0670640818854     0.0670193841776     0.0670139063238
     0.016169846804     0.0669582153939     0.0670500281788     0.0671255582751     0.0671709486224     0.0671832648185      0.067163724548     0.0671221762134     0.0670759880239     0.0670364973133     0.0670284849534
    0.0161988632447     0.0668849310128     0.0669847235505     0.0670668411722     0.0671333841946     0.0671600366728     0.0671613880664     0.0671296010878     0.0670842207328     0.0670509677073     0.0670379611644
    0.0162279570253     0.0668400338073     0.0669285489236     0.0670222126139     0.0670942468492     0.0671363235355     0.0671510058216     0.0671364343395     0.0671031994896     0.0670660990347     0.0670449411842
    0.0162569464789     0.0667889453923     0.0668765924787     0.0669787094343     0.0670690388123     0.0671266321231     0.0671510562416     0.0671480194735     0.0671173167321     0.0670835700379     0.0670630756499
    0.0162860522721     0.0667496939617     0.0668424398726     0.0669373972645     0.0670375008495     0.0671091050217     0.0671517040233     0.0671597888129     0.0671368684275      0.067105358516     0.0670837782233
     0.016315133849     0.0666898810352     0.0667836892743     0.0669006795616     0.0670087031518     0.0670910866493     0.0671429771525     0.0671655901697     0.0671566456807     0.0671297099489     0.0671036607529
    0.0163442348299     0.0666679197514     0.0667665536762      0.066877900291     0.0669948629454     0.0670833101794     0.0671462341021     0.0671796951462     0.0671798106727     0.0671554542695     0.0671243330752
    0.0163733038856     0.0666746991082     0.0667544129677     0.0668641717696     0.0669746917718     0.0670728028852     0.0671529955869     0.0672002369675     0.0672081219923      0.067184558917     0.0671509044378
    0.0164024098549     0.0666861902135     0.0667462602094     0.0668487047843     0.0669637645264     0.0670737223631     0.0671544034608     0.0672142230134     0.0672322971954     0.0672138434312     0.0671789160849
    0.0164314346835     0.0666539033061     0.0667271844312     0.0668365820257     0.0669586451155     0.0670789059894     0.0671652912609     0.0672309265316     0.0672540500642     0.0672397264157     0.0672038828463
    0.0164604898005     0.0666952044713     0.0667496471948     0.0668393937895     0.0669598689577     0.0670849828927     0.0671767253541      0.067252676264     0.0672842594089     0.0672697638654     0.0672331475794
    0.0164896295289     0.0667233855063     0.0667784036442     0.0668600359415     0.0669721436785     0.0670911152896     0.0671857101114     0.0672686430576     0.0673065636393     0.0673032521344     0.0672695309694
     0.016518630542     0.0667557209679     0.0668006119811     0.0668728677777     0.0669825967575      0.067097833681     0.0671986728215     0.0672815859045     0.0673257289436     0.0673306449258     0.0672953785166
    0.0165477662372     0.0667985317524     0.0668179603734     0.0668935644601     0.0669983875243      0.067110645831     0.0672119561778     0.0672985067028     0.0673484172707     0.0673551880606     0.0673202419492
    0.0165769263824     0.0668610835013     0.0668692092584     0.0669247995994     0.0670129692134     0.0671241449753     0.0672273608959     0.0673169507468     0.0673700314292     0.0673811131208     0.0673508429102
    0.0166060376109     0.0669080887338     0.0669114481827     0.0669589502944     0.0670404626526     0.0671397860897     0.0672392312329     0.0673288774952     0.0673884444746     0.0674047498176     0.0673771246583
    0.0166352003951     0.0669930387608      0.066965590894     0.0669909021943     0.0670648243813     0.0671558000054     0.0672517947073     0.0673372198921     0.0674036219752     0.0674227705378     0.0674019362054
    0.0166643467629     0.0670339174215     0.0670146778418     0.0670292009421     0.0670902842018     0.0671765132223     0.0672635512933     0.0673474749538       0.06741159854     0.0674346675782     0.0674222494892
    0.0166935512062     0.0671083583483     0.0670798733053     0.0670777764063     0.0671130693116     0.0671885238968     0.0672741221469     0.0673589253886     0.0674211995797     0.0674451809151     0.0674314074182
    0.0167227266093     0.0672006714157      0.067140466882     0.0671358048491     0.0671641365842     0.0672159472928     0.0672825089578     0.0673659639696     0.0674308765989     0.0674591403422     0.0674493396024
    0.0167520156027     0.0672584184647     0.0672004725255     0.0671851045684     0.0671904847928     0.0672350516171     0.0673066141494     0.0673796630642     0.0674315531928      0.067468886365     0.0674666634958
    0.0167810425753      0.067330215906     0.0672712533167     0.0672418520464     0.0672353872834      0.067256636195     0.0673124008737      0.067386103037      0.067441763704     0.0674776684297     0.0674688646241
     0.016810195246     0.0674049804279     0.0673302960284     0.0672854139113     0.0672708413616     0.0672864448644     0.0673296960937     0.0673890738862     0.0674415819697      0.067477653099     0.0674757121663
    0.0168393853188     0.0674884722263     0.0674111573959     0.0673411315333     0.0673062165289     0.0673055587373     0.0673364542571     0.0673938306303      0.067442884223     0.0674720552197     0.0674772538307
    0.0168685905622     0.0675477195917       0.06745715499     0.0673905241884     0.0673456431414     0.0673287331736     0.0673386836792     0.0673788292534     0.0674293928597     0.0674624707917     0.0674722838452
    0.0168978282663     0.0675892133121     0.0675267851107     0.0674428860722     0.0673720023572     0.0673485024302     0.0673448200541     0.0673709144424     0.0674169397183     0.0674404452172     0.0674582300054
    0.0169270127654     0.0676482558457     0.0675665910456      0.067485239709     0.0674038840338     0.0673570615887     0.0673441729097     0.0673637914843     0.0674030785701     0.0674260323491     0.0674489024452
     0.016955948732     0.0677124999615      0.067615205229     0.0675218935171     0.0674269432014     0.0673706227505     0.0673488869339     0.0673511411072       0.06738435737     0.0674112230055     0.0674369926949
    0.0169850151631     0.0677563693555     0.0676585120511     0.0675540226017     0.0674517668638     0.0673730049716     0.0673422808215     0.0673377058174     0.0673606828465     0.0673905016934     0.0674172728906
    0.0170141381308     0.0677730058054     0.0676787212356     0.0675797035424     0.0674776313909     0.0673852353028     0.0673434195835     0.0673238373008     0.0673362939166     0.0673647614673     0.0673946601571
    0.0170433024663     0.0677601390282     0.0676886851951     0.0675957765299     0.0674899911841     0.0673945548749      0.067343922183     0.0673157608116     0.0673164897608     0.0673443255337     0.0673740163317
    0.0170724524225     0.0678071305784     0.0677261856519     0.0676227822481     0.0675058305005     0.0674012121188     0.0673373157924     0.0672978824567     0.0672917178627     0.0673168458978     0.0673484492854
    0.0171015540349     0.0677895404754     0.0677316909403     0.0676330244332     0.0675174053283     0.0674097132579      0.067328649395     0.0672805068723      0.067265824824     0.0672831738239     0.0673157572002
    0.0171306388835     0.0678022405684     0.0677262176006     0.0676285861467     0.0675235120624     0.0674126300341     0.0673202546432     0.0672639695227     0.0672408024751     0.0672556086915     0.0672906868923
    0.0171596431582     0.0677617072547     0.0677227396894     0.0676353596697     0.0675195775684     0.0674112541021     0.0673156744364     0.0672482817716     0.0672168687747     0.0672296337345      0.067265457201
    0.0171886985732     0.0677416148684     0.0677047165343      0.067617156513     0.0675186439085      0.067407764811     0.0673024206189     0.0672317377569     0.0671963600984     0.0672023853758     0.0672339540385
    0.0172177767964     0.0677137229172     0.0676870931008     0.0676060542957      0.067502829648     0.0673955585531     0.0672972714937     0.0672147427582     0.0671716989936     0.0671734733443     0.0672066948857
    0.0172468052956     0.0676840690248     0.0676475650787     0.0675771413081     0.0674889185632     0.0673820889468     0.0672791283691     0.0671981220416     0.0671507779922     0.0671433253041     0.0671785149624
    0.0172758451037     0.0676091357123     0.0676001130812     0.0675593498711      0.067472622779     0.0673644606294     0.0672678897075     0.0671804573246     0.0671292561227     0.0671197231021     0.0671468625731
     0.017304863837     0.0675454186083     0.0675502135758     0.0675180924642     0.0674477636732     0.0673560962516     0.0672619314384     0.0671718291033      0.067116926266     0.0670938718229     0.0671234349902
    0.0173339060729     0.0674816723485     0.0675004257728      0.067474563359     0.0674188763506     0.0673314448643     0.0672461816525     0.0671641953962     0.0671054176539     0.0670826934348     0.0671049879274
    0.0173629065764      0.067450721104     0.0674617546143     0.0674429012974     0.0673972950758     0.0673203799345     0.0672366525935     0.0671508450832      0.067096332456     0.0670713133719     0.0670882296785
    0.0173918457777     0.0673732042104     0.0673984986389     0.0673860234769     0.0673618738842     0.0673025857921     0.0672253227061     0.0671487988034      0.067092019397     0.0670598149256     0.0670720528778
    0.0174208993952     0.0672837287171      0.067327343499     0.0673413040112     0.0673246372794      0.067280106455     0.0672146663219     0.0671448891088     0.0670854955302     0.0670516069891     0.0670614606289
    0.0174499638361      0.067191692563     0.0672687220376      0.067294787491     0.0672895069471     0.0672626563979     0.0672053635813     0.0671413676604     0.0670805979434     0.0670470906337     0.0670526919143
    0.0174790450795      0.067163139482     0.0672148684851     0.0672482655426     0.0672597021015     0.0672421296657     0.0671954462945     0.0671383753882     0.0670790767761     0.0670433469802     0.0670451476919
    0.0175081033993     0.0670922230699     0.0671435564762     0.0671955238341     0.0672204760395     0.0672148196705     0.0671841022891     0.0671367349779     0.0670799300114     0.0670438973082     0.0670457380673
    0.0175371807094     0.0670053115835     0.0670959665834     0.0671496603106     0.0671861623007     0.0671964296642     0.0671762710035     0.0671379171412     0.0670842452069     0.0670506612984     0.0670498567798
    0.0175662442892     0.0669568561196     0.0670321187377     0.0670988400713      0.067155417003     0.0671769430082     0.0671697358682     0.0671412168982     0.0670980723171     0.0670641394608     0.0670547370847
    0.0175952835152     0.0669161803164     0.0669882667932     0.0670688476365     0.0671269747645     0.0671567660451     0.0671608137996     0.0671469677732     0.0671140285094     0.0670761691237     0.0670654179232
    0.0176243834388     0.0668608222479     0.0669398939659     0.0670336122651     0.0671030556068     0.0671379933784     0.0671613391218     0.0671586581643     0.0671283866541     0.0670921670436     0.0670766879686
    0.0176534720016     0.0668147960663     0.0668936681484     0.0669876460212     0.0670707104245     0.0671254635918     0.0671637656837     0.0671683535487      0.067149069999      0.067113532323     0.0670906526089
    0.0176825483964     0.0667759814762     0.0668613081391     0.0669620306651     0.0670456133703     0.0671121327287     0.0671624193502     0.0671785197457     0.0671652088031     0.0671348997773     0.0671108114053
    0.0177115645975     0.0667555499847     0.0668430815664     0.0669423980123     0.0670280312459     0.0671060081294     0.0671614026096     0.0671873868665     0.0671815612009      0.067157167431     0.0671275102095
    0.0177405421561     0.0667507955398     0.0668233015976     0.0669129762669     0.0670083330304     0.0671011020879     0.0671667596727     0.0672003535382     0.0672028211607     0.0671822751654     0.0671480625579
    0.0177695744781     0.0667346839662     0.0668067317618     0.0669102208431      0.067006180478     0.0670961939902     0.0671675000149     0.0672154271599     0.0672275040427     0.0672089952322     0.0671756102175
    0.0177986525061     0.0667582385251     0.0668088990293     0.0668929349622     0.0669988243407      0.067098608114     0.0671769635317     0.0672300275088     0.0672463195444     0.0672353646849     0.0672019223383
    0.0178277203565     0.0667538117662     0.0668102092087     0.0668990856172     0.0669968703856     0.0670972620722     0.0671816839053     0.0672442400245     0.0672699498604     0.0672618893518     0.0672274312089
    0.0178568289556     0.0667635921649     0.0668178475897     0.0668936842808     0.0669998191668     0.0671066150825     0.0671875102334     0.0672568805051     0.0672886306069     0.0672884313647     0.0672588734553
    0.0178860068635     0.0668009308946     0.0668416620502     0.0669083545123     0.0670032032106      0.067108965269     0.0671989255392     0.0672728161611     0.0673084832637      0.067313482361     0.0672833564615
    0.0179152039124      0.066848670417      0.066860038006     0.0669289200915     0.0670187608616     0.0671193713589     0.0672032010187     0.0672838553881     0.0673308098518     0.0673379045754     0.0673085794733
    0.0179442641943      0.066860780434     0.0668830595658     0.0669439448517     0.0670285185793     0.0671287072167      0.067218047276     0.0672978068485     0.0673450873683     0.0673577459039     0.0673333144231
    0.0179733017669      0.066946295105     0.0669362043141      0.066978848376     0.0670559814076     0.0671415165966     0.0672300751911     0.0673119265289     0.0673614713176     0.0673736666667      0.067348600489
    0.0180023851769     0.0669666262685     0.0669816611455     0.0670195612087     0.0670822849325      0.067161531888     0.0672490696519     0.0673248024364      0.067376587725     0.0673921335982     0.0673714175161
    0.0180315252106     0.0670366699935     0.0670231500136     0.0670475393591     0.0671022405062     0.0671775871978     0.0672613347952     0.0673351346515     0.0673905357447     0.0674116512513     0.0673945749063
    0.0180606588042     0.0670996359555     0.0670882124217     0.0670942767896     0.0671264787743     0.0671905518048     0.0672706164218     0.0673413076541     0.0674018171193     0.0674283989409     0.0674079660953
    0.0180898250084     0.0671616997095     0.0671445466577     0.0671399148617     0.0671658712656     0.0672152623249     0.0672807465478     0.0673505546268     0.0674100486526     0.0674365560516     0.0674213957351
    0.0181190514457     0.0672398579974     0.0671945299756     0.0671703296712     0.0671895843066     0.0672380247368     0.0672936899062     0.0673610472309       0.06741106307     0.0674416173053     0.0674293538344
    0.0181482215933     0.0673077482893     0.0672519283931     0.0672201869494     0.0672191605189     0.0672547900443      0.067303886743     0.0673675435686     0.0674143977418     0.0674448045295     0.0674364455723
    0.0181774278816     0.0673614499111       0.06729861005     0.0672595094194     0.0672525404233      0.067274650168     0.0673109721987     0.0673665278696     0.0674133051469     0.0674462448159     0.0674449944065
    0.0182066810647     0.0674224423321     0.0673537088963     0.0673024132846     0.0672797048356     0.0672885483247     0.0673202713228     0.0673643181254     0.0674088877246     0.0674446514196     0.0674479125145
    0.0182358437919      0.067485527029     0.0674120655871     0.0673512335951     0.0673117251756      0.067302437167     0.0673248179461     0.0673617424096     0.0674056871722     0.0674374418237      0.067444822924
    0.0182650719236     0.0675339500481     0.0674606201314     0.0673915126107     0.0673417682101     0.0673216092969     0.0673325838502     0.0673590093965     0.0673968121419     0.0674250544106     0.0674363559193
    0.0182942975289     0.0675987679937     0.0675138152181     0.0674333220913     0.0673719545284     0.0673392407548     0.0673374945723     0.0673547367329     0.0673840096177     0.0674108889505     0.0674278173476
    0.0183235044275     0.0676330923547      0.067550714467     0.0674668026444     0.0673973920523     0.0673512835555     0.0673359864116     0.0673482174071     0.0673685462732     0.0673977223166     0.0674186967699
    0.0183526117982     0.0676517797163      0.067580284715     0.0674959615876     0.0674217937964     0.0673626928715     0.0673332628721     0.0673373181836     0.0673541829944     0.0673852867878     0.0674039758696
    0.0183817702634     0.0677003831416     0.0676236324593     0.0675271523452     0.0674465667627     0.0673793770308     0.0673370768029     0.0673268008624     0.0673349404061     0.0673641358171     0.0673873170616
    0.0184108439487      0.067706554878     0.0676357693799     0.0675467893015     0.0674615215017     0.0673818802141     0.0673321244395     0.0673163513065     0.0673200958148     0.0673419782108      0.067365808564
    0.0184399394416       0.06772977743     0.0676571134405     0.0675671425494     0.0674759621497     0.0673875917591     0.0673269770319     0.0672975309955     0.0672975177102     0.0673194100057     0.0673472942063
