# Probe 0 (0.00909091 0.05 0.02)
# Probe 1 (0.01818182 0.05 0.02)
# Probe 2 (0.02727273 0.05 0.02)
# Probe 3 (0.03636364 0.05 0.02)
# Probe 4 (0.04545455 0.05 0.02)
# Probe 5 (0.05454545 0.05 0.02)
# Probe 6 (0.06363636 0.05 0.02)
# Probe 7 (0.07272727 0.05 0.02)
# Probe 8 (0.08181818 0.05 0.02)
# Probe 9 (0.09090909 0.05 0.02)
#             Probe                   0                   1                   2                   3                   4                   5                   6                   7                   8                   9
#              Time
  2.17102420367e-05       5465.03333014       5470.51686624       5484.05311174       5497.95916178       5512.35313765       5526.31727924       5540.28387377       5553.91495669       5566.85229567       5578.17710443
  4.49313511324e-05       5487.16820331       5496.28129964       5505.93458446       5518.25718459       5530.15991869       5541.64496771       5553.45437771       5564.43629072       5574.20531744       5582.19560305
  6.87889873076e-05       5512.22817104        5524.1900968       5531.30948616       5539.40962093       5549.87754029       5558.97213306       5567.65809247       5575.51221273       5581.61984129        5585.9112598
  9.24433643179e-05       5528.11308136       5539.45251628       5555.01346508       5563.89208065       5569.24155486       5576.23480446       5582.37237953       5586.53722434       5588.94744704       5589.92196351
  0.000115985187459       5560.41785206       5568.58239774       5572.40593286        5582.7195935       5591.62123001       5593.66821769       5596.24385328       5597.34964967       5596.53876861       5594.00938037
  0.000139860088145       5583.99871433       5595.70277887       5604.30058178       5606.33658051       5607.93172846        5612.5967645       5610.89754645       5608.08358675       5604.25471048        5598.4038165
   0.00016415586076       5610.02447053       5616.38944526       5622.60366829       5628.65564794       5631.02117276        5627.9182027       5625.93789305       5620.17605974       5612.02979163       5602.68216793
  0.000188803013567       5635.72865908       5641.28197146       5643.86408342       5645.43846853       5646.65245245       5645.82541036       5639.62355647       5631.52949618       5620.73228452       5606.77792495
  0.000213703833321       5663.63767607       5670.32253712       5672.38003515       5669.96449323       5664.17140425       5658.23269294       5651.90375029       5641.79524027       5627.93564466       5611.55128898
  0.000238793112375       5692.90157116        5694.8115289       5695.95271633       5693.53862029       5687.78457767       5677.39354488       5663.60024867       5649.55799701       5634.04139266       5615.06913869
  0.000264062727353        5714.3004563       5715.03124595       5713.63784876       5708.78958462       5701.85974618        5692.9605306       5679.38041637       5660.31334836       5639.03114268       5616.99071435
  0.000289439194702       5738.90884634       5736.76148498       5734.11079881       5726.72218241       5715.87297499       5703.25820895       5687.65219838        5669.5883871       5646.53777237       5619.50064135
  0.000314882879974       5760.29667677       5758.52362733       5752.97229085        5743.5780093       5730.72688641       5714.98593177       5695.74229202       5673.91219084       5649.97341998       5623.95899593
  0.000340394947013       5780.05169661       5776.47728359       5768.95250405       5759.81579198       5744.78235326       5726.60725485       5704.07798481       5678.63210129       5651.77749744       5624.22070997
  0.000365964444433       5797.13549842       5792.74327692       5782.74268358       5771.02409228        5754.5905043       5735.95783456       5712.55673766       5685.15711906       5655.50578005       5623.31473804
  0.000391534892186       5810.53723351       5803.30067756       5792.40662762       5778.61865615       5760.20555006       5739.47635031        5715.0833001       5688.64096681        5658.5196137       5627.09509908
  0.000417081717913       5820.06074238       5811.34245166       5799.73611255        5783.6495905       5764.67404078       5742.52061098       5716.43071282       5687.93439773       5658.38243685       5628.51860551
  0.000442608756378       5825.38459279       5817.50598015       5804.79293786       5787.11234951       5767.29689589        5744.3332777        5717.8206741       5688.58884407       5658.94327578       5626.17010734
  0.000468098494245       5829.51820148       5821.27062445       5807.10346942       5787.97199129       5766.89583132       5743.52541135       5716.68364412       5689.08794208        5658.2231286       5625.98575864
  0.000493529555197       5832.41646015       5820.02357447        5804.2541171       5785.23175714       5763.88849434       5740.43618048       5714.34141991       5686.00391104        5655.7595016       5625.28325591
  0.000518882220633         5827.270477       5815.70500383        5800.7208742       5780.40610386       5759.19833267       5736.64831585       5711.00196984       5682.48516482       5653.29927428        5623.3199489
  0.000544150598002       5822.06559432       5810.05639674       5794.15571733        5774.9099166       5752.69588341       5730.39933454       5704.71452922       5677.83764527       5649.83224338       5621.42231019
  0.000569352970121        5814.6312197       5800.01156058       5784.10373623       5765.00433797       5744.51264618       5722.03661934       5696.60280063       5670.80799509       5644.59071226       5618.14965845
  0.000594477456061       5800.99796175       5788.87291866       5771.62953848       5753.42063271       5732.45010641       5711.43177979       5688.17668321       5663.36965398       5638.50363811       5614.69965588
  0.000619515572853       5787.85025031        5774.2049651       5758.71414801       5740.60082654       5720.19108114       5699.67360765       5677.39235783       5655.29296887       5633.05884042       5611.66607965
  0.000644472310557       5767.60716269        5757.2202949        5742.4843479       5725.38483598       5706.37137656       5687.47234369        5667.1169563       5646.24403806       5626.90373304       5608.73301238
  0.000669359049035       5753.07277301        5738.3998658       5723.91342552        5708.0182423       5690.35020364       5673.01088816       5655.36127582       5637.84141296       5620.80265919        5605.0215917
  0.000694194795293       5730.56524938       5719.38345307       5705.71570431       5689.80030203       5673.50992396        5657.2865573        5641.7133321       5627.11399772       5613.77211525       5600.98366464
  0.000718976102697       5708.97547752       5697.84475075       5684.21551448       5670.47387079       5655.70654049       5641.60522812       5628.42142935       5616.14860982       5604.77049127       5596.08549318
   0.00074370886909       5686.73079537       5674.43451076       5662.51104048       5649.63511097       5636.92561725        5625.4118689       5614.66345335       5605.06485186       5597.07619107       5591.48651317
   0.00076842360686       5663.24224061        5652.0932299       5640.89493729       5628.90146778       5618.26042881       5609.13875158       5599.88045878        5593.7536792       5589.61448393       5587.93168093
  0.000793132062876       5636.00202574       5627.20665394       5616.35999894       5607.11689459       5599.09119888       5591.93663603       5585.07274545       5582.96041169       5582.39698794        5584.2755599
  0.000817853037546        5613.0233337       5602.22512816       5593.17216529       5585.64692601       5578.69422186       5573.89926576       5570.73696142        5572.0959913       5575.46882726       5580.41019306
  0.000842613075245        5588.1014287       5578.12775294       5570.52679043       5564.62807477       5560.02993187        5557.9520312       5557.80498249       5561.35750608       5567.91140937        5576.3257709
  0.000867425993556       5560.05426228       5553.62173636       5548.32185971       5543.30188999       5541.42310255       5542.78042789        5546.0915828       5551.41247661       5560.86321079       5572.29882733
  0.000892322414456       5534.05767095        5529.8425049       5525.01112819       5523.24336608       5524.52127974       5527.67819429       5533.70984723       5542.14146011       5554.75740969       5569.34270699
  0.000917326757228       5512.15286085        5506.2226936       5504.11309853       5505.13388544        5508.6291015       5514.43330474       5523.19976629       5534.16187201       5549.18648678       5566.95781551
  0.000942454462413       5487.48633015       5484.58357513       5484.93963308       5487.73557277       5493.17258832       5501.64386123       5513.69889212       5528.00084666       5544.98945679       5564.62813313
  0.000967729885561       5465.27691479       5464.05345064       5466.18125049       5471.05786229       5479.24382731       5490.11941899       5504.26596405       5521.45167247       5540.85870448       5562.64658551
  0.000993176914595       5446.11895465       5445.27439455       5449.11830973       5455.75689843       5466.41243619       5479.67289104       5496.43192916       5515.80449496       5536.70163448       5560.37962493
   0.00101881500861       5427.58208754       5428.72897686       5433.43459264       5442.50528494       5454.86492285       5469.88970813       5488.98143636       5510.52391627        5533.6623141       5558.67172729
    0.0010446629119       5410.29803175       5413.15235558       5419.78223267        5431.0978815       5445.27950763       5462.21268939       5482.60650396       5505.76462378       5530.87888354       5557.35249363
   0.00107073887984       5396.91469154       5400.91321779       5410.03788095       5421.82046399       5437.80748416       5456.43911433       5478.70162443       5503.12527796       5529.07315575       5556.34407905
   0.00109705515075       5384.64337547       5391.67331246       5400.67428182       5414.47533528       5432.25079655       5452.00588805       5475.73816679        5501.4883151       5528.51157662       5555.86107331
   0.00112362334623       5376.87789203       5383.04130732       5394.74096147       5409.85369648       5428.30592898       5449.68171563       5474.02060783       5500.26842568       5527.75273528       5555.89312008
   0.00115045072968       5369.77787751       5379.06958431       5391.84554388       5408.51561175       5428.85673885       5450.18444572       5474.69134845       5500.74658779       5528.12626184        5556.1819646
   0.00117754423213       5369.45442022       5378.82860802       5392.55035432        5409.9158581       5430.29708219         5452.337681       5476.87828445       5502.87788442       5530.11825126       5557.25390012
   0.00120489673056       5369.42278157       5380.69189657       5395.65513565       5413.42265563       5434.05564253       5455.49935431       5479.94810285        5505.9744655       5532.32315053       5559.16726475
   0.00123249480925       5376.12989947       5387.63034889       5402.04818454       5419.90642964        5439.7619898       5461.07214901       5485.04139873       5509.95209097       5535.68697732       5560.95895018
   0.00126045076471       5385.25373326       5395.65404121       5411.23156383       5428.45548569       5447.98140305       5468.90227958       5491.64172754       5515.56204754       5539.47579427         5562.855627
   0.00128897487086        5395.9230048        5408.5198559       5423.14531103        5439.7238856       5458.90723595       5478.30477905       5500.00806698       5521.92961103       5543.61592727       5565.20374557
   0.00131812794953       5411.78285568       5423.81671006       5438.07295215        5454.6220145       5472.42233613       5490.71156138        5510.2253216        5529.7098464       5549.39855652       5568.30357189
   0.00134735363093       5432.24579278       5443.22397713       5456.30690655       5471.49287626       5487.69409255       5504.10418694       5521.31880932       5538.77338649       5555.66103474       5572.02183076
    0.0013766062126       5454.19302731       5465.16026313       5477.65644731       5491.15114673       5505.24870321       5519.25150273       5534.08120472       5548.71325909       5562.86620964       5575.68483377
   0.00140592149558        5475.9414917       5487.58963227       5499.58263627       5511.83232345        5524.5052526       5536.38661851       5548.48681981       5560.04283738       5570.51794481       5579.93738008
   0.00143521465422       5503.44665097       5512.45474107        5522.9427722        5533.6344327        5544.0124857       5553.73203529       5563.30466741       5571.52918044       5578.64508749       5584.39208487
   0.00146447194289       5531.29833244       5540.52783456       5549.44633585       5557.79755154        5565.6981446       5572.38660494       5578.15094199       5583.18305752       5586.85392476       5588.81768789
   0.00149384619769        5557.9173082       5566.29153815       5574.16918058       5581.25490902       5587.16076436       5591.57607331        5594.6622282       5595.81359492       5595.29792356       5593.36569972
   0.00152322915379       5587.54466063       5593.81967987       5600.23352975        5604.7083135       5607.91829183        5609.6904856       5609.85758708       5608.07525942       5604.21335701       5598.20762201
    0.0015525949512       5616.53996891       5622.26938027       5626.27447506       5628.69302063       5629.67220063       5628.30900525       5624.86413761       5619.45271108       5612.05855824       5602.59086938
   0.00158201387851       5644.62924092       5648.78222171       5651.37666943       5651.87021249        5649.6720793       5645.76374732       5639.45664585       5630.58314915       5619.41795852       5606.27006582
   0.00161141360855       5672.71814334       5673.55003483       5674.20990872       5672.34316467         5668.107815       5661.48208136       5651.98378584       5640.26481739        5626.1605651       5609.88854309
   0.00164076648109       5696.53938095       5699.25800167        5697.6977467       5693.04922568       5685.46917707       5676.19526673       5663.95403122       5649.00767278       5631.88325295       5612.91970722
    0.0016701954368       5720.98472002       5720.83682208       5717.58999764       5711.77410977       5702.31147976       5690.32892553       5675.06808973       5657.46553324       5637.52765383       5615.73699714
   0.00169944058492       5744.79007219       5741.09981488       5735.00155109       5727.04031899       5715.97994851       5702.24185813       5684.80279904       5664.72991305       5642.62589879       5618.77346562
   0.00172878023701       5762.43893082       5758.32547761       5751.55602838        5740.0197163       5725.99745664       5710.64123505        5692.0257231       5670.47774292       5646.57688893       5620.60445845
   0.00175814383379       5775.34934541        5770.1936547       5762.33206317       5751.56091171       5736.61662235       5718.41775404       5697.13937434       5674.11756311       5648.87376818       5621.64437774
   0.00178730419845       5788.89075486       5782.31021831       5771.59270908       5758.00090948       5741.68813929       5723.74925512       5701.89861559       5676.91564997        5650.1415945       5622.31601448
   0.00181655137119       5795.47516868       5788.19192697       5778.15159321       5763.53699514       5745.36183263       5725.40466837        5702.4719222       5677.61672447       5650.75905869       5622.35601893
   0.00184573320945       5798.74994224        5791.4500094       5779.13799466       5763.76023804        5745.9365053       5725.77878862       5702.11170872       5676.34554517       5649.31098477       5621.42781534
    0.0018747392974       5801.64086033       5791.88369919       5778.42381521       5762.12328533       5742.88277585       5722.37236893       5699.09380373       5674.06345599       5647.49221113       5620.24532608
   0.00190350455321       5798.80306498        5787.8607125       5774.51922249       5757.41664938       5737.90189791       5717.29885189       5694.11002885       5669.54162688       5644.25294424       5618.59289015
   0.00193203463475       5791.80601898       5780.31136985       5766.37793398       5749.85981267       5730.95603918       5710.67134443       5687.92679787       5664.35550425       5640.25085083       5615.98217738
   0.00196035111291       5781.57224329       5769.84331121       5756.08054223        5739.5575916       5720.84111595       5701.69440185       5680.34685428       5658.09850988       5635.56949583       5613.40421624
   0.00198848170667       5768.00096436       5757.37637251       5743.32264824       5726.80400065       5709.06462457       5690.66064941       5670.86191903       5650.72620683       5630.32439231       5610.39562721
   0.00201645850297       5754.84370713       5742.62979702       5728.93738953       5713.55563536       5696.35433027       5679.04861555       5660.62633522       5642.05756135       5624.18593778       5607.09717014
   0.00204432811656       5735.66593426       5724.51483033       5711.11210998       5696.49471088        5681.1543774       5665.80656462       5649.30878796       5633.11216755       5617.56354191       5603.36731443
   0.00207209975738       5715.59514565       5705.39770645       5692.69018593       5678.88983888       5664.20774503       5650.32015576       5636.24305563       5622.79105368       5610.53776484       5599.42132639
    0.0020998132419       5694.98093859       5683.99039916       5672.51236091       5660.30439167       5647.78755706       5635.27789059       5623.02317961       5612.36424204       5602.98696658       5595.20002463
   0.00212751326903       5672.08608782       5661.86439245       5651.20170535       5639.73646113       5628.78732132       5619.29294323       5610.30716201       5602.20742499       5595.63876583       5591.34864273
   0.00215520196908       5646.76510438       5637.78602038       5628.24486934       5618.83603265       5609.76930844       5602.33686695       5596.10887818       5591.32619739       5588.44599338       5587.45470172
   0.00218290685778        5623.9084339       5614.77884736       5606.06351669       5597.87529976       5591.08766774       5585.86093659       5581.67244108       5580.02817533       5580.71766855       5583.28033993
   0.00221065669043       5596.19834884       5589.65006805       5582.45350636       5576.74290063       5572.51223782        5569.5251515       5568.64335101       5569.82542439       5573.17950763       5579.22903612
   0.00223848531975       5572.05182974       5563.96339492       5559.38329762       5555.86149654       5553.47217365       5553.47022886       5555.90153506       5560.42016702       5567.22690936       5576.08832678
   0.00226640451825       5545.88931019       5541.74425949       5538.07720644       5536.10400156       5536.55692717       5538.98184199       5543.74964977       5551.30770106       5561.33639686       5573.35221876
    0.0022944026979       5524.30033106       5519.50762854        5517.4725757       5517.16823285       5519.80438739       5525.06430748         5533.066105       5543.27183929        5555.6548779       5570.10478444
   0.00232250874359       5498.22776893       5497.24216874       5497.03531701       5500.02991838       5505.15978575       5512.38108531       5522.80800067       5535.96965016       5551.01470786       5567.73783833
   0.00235075990656       5479.51008107       5477.21366818       5478.76722506       5483.86369335       5491.32751499       5501.60693466       5514.44014771       5529.34090249       5546.62595824       5565.79040424
   0.00237917966042       5459.37994742       5459.40100764       5462.91492715       5468.76186393       5478.84509126       5490.83952905       5505.99416671       5523.68685021       5542.96819216        5563.4839045
   0.00240778578876       5440.54726822       5443.26820646       5448.12720554       5457.01885083       5468.20226826       5481.68794396       5498.93911463       5518.12727854       5539.22000704       5561.89075362
   0.00243655638178        5427.0792545       5429.87662898         5436.794526        5446.7467968       5459.90844764       5475.61168433       5493.85377452       5514.47997525       5536.85166392       5560.55439967
   0.00246544545595       5413.13594231       5418.31230588       5427.71520168       5439.19541238       5453.88079753       5470.43159728       5490.41086606       5512.38170669       5535.81256421       5560.33064042
   0.00249445813187       5405.32771113       5410.27923492       5419.47436668       5432.65594344       5449.38418697       5467.48027584       5488.34035342       5510.99298727       5535.20559299       5560.12798143
   0.00252349611105       5399.34424627       5406.34528973       5416.87988991       5430.26035858       5446.69488642        5465.5976958       5487.63607192       5511.15105508       5535.42255125       5560.15384346
   0.00255249176933       5395.17778117       5404.50304465       5416.65497453       5431.82472613       5449.28469303       5467.74321829       5489.12477515       5512.47611139       5536.74598438       5561.28847494
   0.00258152392531       5398.62459884       5407.02418295        5418.5966074        5433.7646136       5451.92929829       5471.72745829       5493.61108753        5515.9195926       5538.99891737       5562.43733347
   0.00261067444533       5401.09465837       5410.40698334       5423.81596635       5439.47004171       5457.02684862       5475.75767743       5497.02188796       5519.47257546       5541.90828447       5563.89634844
   0.00263980444396       5408.73297966       5419.67320873       5432.12167184       5447.42708779       5465.23814337       5483.52280933       5503.18041775       5523.56973257       5544.60088182       5565.79437371
   0.00266896617034       5420.42416832       5430.13942547       5443.43537036       5458.41838585        5475.1463451       5492.12063064       5511.09036207       5530.36056456       5549.40694158       5568.03520311
   0.00269815298247       5434.31233766       5444.84563631       5457.22929002        5471.3408506       5486.74849262       5502.48846701        5519.6188499       5536.98353853       5554.29918852       5570.97487262
   0.00272735003484       5449.76024255       5460.48690623       5473.10104123       5486.36206936       5500.45776087       5514.85023861       5529.86325042       5544.94869449       5559.68580519       5573.99189738
   0.00275657921395       5468.78051248       5479.18398181       5489.74969402       5502.51372443       5515.80563977       5528.43826477       5541.57990297       5554.43047524       5566.76007518       5577.87696631
    0.0027858894332       5489.76354453       5499.67719286       5510.67250462       5521.11177555        5531.9575053       5542.55525604       5553.51097226       5564.02367211        5573.3965494       5581.38989469
   0.00281522260286       5512.98237262       5521.88493204       5530.57028663       5540.16802543        5549.5054884        5557.9043158       5566.36232887       5573.53181191       5579.42868661        5584.4090758
   0.00284455316894        5536.7181035       5545.60492811       5552.86646844       5560.38087705       5567.64656316       5574.28731037       5579.57777354       5583.67813392       5586.81569619        5588.8158915
   0.00287380165671       5561.69650258       5568.15911969       5575.55820135       5582.09194734       5586.99058614       5590.34548858       5593.00072786       5594.55654532       5594.78837877       5593.24040625
   0.00290302546432       5588.77865189       5593.59165845       5598.13864516       5601.99064945       5605.26793656       5606.72750773       5606.59780593       5605.08252022       5601.88372722       5596.68474948
   0.00293234971975       5611.37758837       5616.89576066       5620.96680136       5623.05155173       5623.13651074       5622.20435197       5619.92846241       5615.29440281       5608.32376549       5600.09002015
   0.00296176449125       5635.39771729       5640.27128244       5642.49804464       5643.10305202       5641.70208212       5638.29565646       5632.35573672       5624.61500333       5615.34582095       5604.22181257
   0.00299124526061       5661.23042061       5663.81455366       5663.60604447       5661.85892632       5658.34772269       5652.55064738       5644.27560586       5633.82961605        5621.5373893       5607.43331862
   0.00302064204151       5684.03452061       5684.74088509       5683.13588791       5679.62816795       5673.41874399       5665.36024448       5654.87984246        5642.0452413       5627.02978587       5610.03008235
   0.00304989776909       5703.19716326       5703.62537218       5701.20213808       5695.50578694       5687.17254768       5676.90697349       5663.87991452       5648.90333733       5631.62740141       5612.66526725
   0.00307920989949       5721.50534685        5721.4395688       5716.66397143       5709.32759261       5699.64621075       5687.58673715       5672.47982652       5654.80213603        5635.4344324       5614.65650025
   0.00310845471281       5739.93273562       5735.31520835       5728.98644703       5720.49713107       5708.81119046       5695.19315375       5678.58724108       5659.68448261       5638.80709577       5616.23559046
   0.00313772019254        5751.9659067       5747.48764386       5740.12422293       5729.42048734       5716.30989207       5701.23412493       5683.02276769       5662.84810426        5640.8941582       5617.40065382
   0.00316695307306       5760.58255833       5756.59284815       5748.66854215       5737.28672041       5722.51789496       5705.92916705       5686.68475648        5665.3986319       5642.27794811       5617.94043264
   0.00319611584062       5769.54341253       5762.60974678       5752.62605687       5740.33509204        5725.4394549        5708.6964954       5688.61634574       5666.45305265       5642.82833141       5618.17487038
   0.00322512653775       5773.07514346       5766.10725425       5755.83823668       5741.93602191       5725.46990327       5707.87675907       5687.59558537       5665.58203838       5642.11176001       5617.58570217
    0.0032540936848       5773.80195516       5764.74056318        5753.7718045       5740.54172316       5724.28854727       5706.13788944       5685.28732546        5663.1537433       5639.98231126       5616.26201467
   0.00328295241781       5772.50881539       5763.77785111       5751.62992994       5736.01421966       5719.28036941       5701.66218134       5681.67668729       5660.07532824        5637.5702424       5614.80893534
   0.00331160137832       5766.80167985       5757.40038759       5744.66753943       5730.78444568       5713.39572159       5695.29280125       5675.51361655       5654.99355397       5634.09083537       5612.97573543
   0.00334006077925       5757.54783319       5747.33541401       5735.68778258       5720.85831419       5704.75669632        5688.0019552        5668.7531922       5649.15749359       5629.38519394       5609.92451084
   0.00336838065555       5746.18995746       5737.42782503       5724.40482745       5710.36965481       5694.77519588       5678.44781971       5661.14647266       5643.01529032       5624.84336504       5607.56636355
   0.00339660393402       5735.43259957       5723.61667847       5711.84372013       5698.02433998       5682.83521555       5667.81135032       5651.55403853       5635.49551063       5620.12809599       5605.25456471
   0.00342472076707       5717.35668953       5708.24756991       5696.40811911       5683.12428676       5669.26659843       5655.35627542       5641.00038508       5627.24136475       5614.06071132       5601.50120671
   0.00345274325975        5699.9064972       5689.11175475       5678.09048941       5666.61859139       5654.11232914         5642.238541       5630.14311545       5618.55316154        5607.5093052       5597.85942601
   0.00348069957803       5681.51166203       5671.52184899       5661.69998661       5650.17124145       5639.23556708       5629.06807666       5618.92077654       5609.36423693       5601.16718464       5594.66793091
   0.00350862609239        5659.2145453       5651.35666207       5642.41364599       5632.93764962       5623.61362538       5615.10484032       5606.93259023       5600.11016057       5594.90542778       5590.91676768
   0.00353654553674       5640.89460634       5631.25638919       5621.85505889       5614.26640477       5606.83714809       5600.36002426       5594.67681062       5590.68503997       5587.97881437        5587.3797875
   0.00356447310267       5618.26641311       5609.32396012       5603.59424343       5596.38659665       5590.13127695        5585.7202001       5582.78270982       5581.14341494       5581.60764282       5584.02814792
    0.0035924301824       5595.59520889        5589.4391103       5583.38036925       5578.09293581       5574.59699235       5572.15373062       5571.17556054       5572.43302652       5575.85575108       5580.92316087
   0.00362042322097       5573.24775504       5567.23832372       5562.34792615       5559.59902917       5557.97464559        5558.2382375       5560.40191453        5564.5157921       5570.29406571       5577.98726957
   0.00364847635432       5549.93552011       5545.88580641       5543.25090236       5542.04997477       5542.20869843       5544.61540886       5549.49147612       5556.32012108       5564.91787918       5575.18548227
   0.00367661528706       5530.25986498       5526.92143398       5524.90293677        5525.0236124       5527.80459863        5532.5399983       5539.40078658       5548.40813704       5559.61181314       5572.52972882
   0.00370486229105       5509.69829801       5507.37949504       5507.70389436       5509.91085844       5514.65300397       5521.27670289       5530.50114022       5541.77134469       5554.93066594       5569.79406427
   0.00373325053983       5490.57638232       5489.82234994       5491.35336018       5495.61117261       5502.17099055        5510.7783339       5522.22198008       5535.88134892        5551.1370262        5567.9243558
   0.00376180243283       5473.58212892       5474.15972781        5476.9969097       5482.70731297       5491.19418654       5501.95995668        5515.1211573        5530.3258778       5547.55707348       5566.55575799
   0.00379049303022       5457.60242646       5460.07048348       5464.34604137       5472.00492651       5482.34178886       5494.40382591       5509.53679503       5526.63361417        5545.3371866       5564.90624301
   0.00381929966411       5445.35213139       5447.40440604       5453.98161966       5463.20041285        5474.9842774       5488.58860142       5504.96648192       5523.51470032       5543.44166278       5564.45584678
   0.00384822330821       5435.32649419       5439.33134379       5447.14713266       5456.95113755       5469.96916102       5484.84686559       5502.47218255       5521.63281189       5542.18768224       5563.74868924
   0.00387712883224       5426.05324827       5431.92305884        5440.6010205       5452.29969962       5466.64224948       5482.49405147       5500.98849756       5521.14084571       5542.13934071       5563.53442276
   0.00390609284773       5423.50767151       5428.72375689       5437.80627782        5450.2358127       5465.01620501        5481.5676229       5500.57004076       5520.89306977       5542.13866777       5564.13286858
    0.0039351699105       5420.77858337       5427.54918062       5438.17497641       5450.72781556       5466.00098797       5482.72775149       5501.78812054        5522.0015272       5543.19599153       5564.53811147
   0.00396424120001       5420.26810825       5428.54861707        5439.6117941       5453.36324447       5469.21212399       5485.79208951       5504.45191285       5524.51675558       5545.00725226       5565.50720609
   0.00399332503207       5425.89504431       5433.48213091       5444.57188994       5457.99926073       5473.74404519        5490.3435719       5508.81537461       5527.77792217       5547.08340027       5566.75542316
   0.00402246562757       5431.52277167       5441.25020986       5452.95126616       5466.15783152       5480.98321488       5496.75450364       5514.28795883        5532.3404841       5550.59872453       5568.69635114
   0.00405158170747       5441.79797615       5450.62986903       5461.59807526       5475.23235757       5489.84121476       5504.77885566       5520.95306423       5537.82880151       5554.89071862       5571.43839791
   0.00408073011211       5453.59642076       5463.30185617       5474.45296712       5486.46853437       5500.01999241       5513.94288903       5528.93179185       5544.12093183        5559.1098028       5573.45429427
   0.00410989957431       5468.71713408       5477.49360367       5487.52056253       5499.85897932       5512.46481232       5524.87233835       5538.27620283       5551.46190136         5564.013016       5575.94564488
   0.00413908926445       5484.72598416       5494.80244861       5504.82086333       5514.72137824       5525.95845726       5537.19523904       5548.61484861        5559.6034652       5569.88446057       5579.51225733
   0.00416826526217       5503.14849337       5511.65422762       5520.40366716       5530.47695389       5540.35512645       5549.45256447        5558.9747614       5567.83571151        5575.9756692       5582.90389602
    0.0041975803339       5525.86366827       5532.32940165       5540.35704525       5547.75185114       5555.56062441       5562.96905536       5569.80043221       5576.03353026       5581.29052808       5585.39884501
   0.00422684976264       5543.75231982       5551.99909849       5558.88366655       5565.98686716       5572.45589119       5577.37799958       5581.83324424       5585.19118557       5587.41260502       5588.74583042
   0.00425612883174       5565.41402078        5572.4427658       5578.15994774        5583.8263167       5588.01589671       5591.33877406        5593.5431557       5594.55069504        5594.4159918       5592.88476189
   0.00428538293293       5588.06931649       5593.57395653        5597.8308533       5601.13829861       5603.87263886       5605.08825991       5605.05388681       5603.60470256       5600.62244398       5596.03767301
   0.00431467907099       5609.02292722        5613.3184524       5617.50101081       5619.51776751       5619.55173128       5618.72017636       5616.52986166       5612.53909634       5606.72151009       5599.24294442
   0.00434401892446        5631.7971495       5635.03232493       5636.34211577       5636.45825046        5635.5373204       5632.40212034       5627.08140673       5620.49495598       5612.33835976       5602.61166056
   0.00437339522949       5653.01648017       5655.58118511       5655.92433857       5654.12168452       5649.98495203       5644.83100377       5637.73760016       5628.29699143       5617.14457909       5604.51767473
    0.0044027685957       5671.97432944       5673.20546215       5671.84611507       5668.91557222       5664.14077575       5656.87194611       5647.04957309       5635.63495781       5622.20027072       5607.38399002
   0.00443214517116       5691.70271233       5690.87300543       5688.14111001       5683.11309632       5675.48404222       5666.66782198       5655.51536581       5641.88698473       5626.81634688       5610.37561734
   0.00446131302883       5706.60404027       5705.30215619       5701.84840637       5695.10998739       5686.37263082        5675.4713827       5661.86877715       5647.05322077       5630.42681377       5611.75914325
   0.00449058289701       5719.98341159        5717.6512676       5712.25684821       5704.90398892       5694.70415072       5682.77115697       5668.21921278       5651.31704085       5632.53221953       5612.75437576
   0.00451976086236       5731.34286106       5726.54448845       5720.98620923       5712.07643845       5700.66223304       5687.61937186       5671.87794306       5654.12885928        5634.6376129       5613.83400463
   0.00454899517499       5739.58693819       5736.21480345       5728.37829961       5717.72849642       5705.24698896       5691.08706324       5674.12006293       5655.39579763        5635.4460742       5614.40400725
   0.00457825713932       5746.67549998       5741.55605273       5732.73039408        5721.8525361       5708.00584241       5692.70498654       5675.20146748       5656.14892438       5635.56924113       5614.08263946
   0.00460752982826       5748.34144132       5742.46431466       5733.63695266       5722.07668476        5708.1419421       5692.86198019       5674.75643125       5655.24304135       5634.84191079       5613.62755739
   0.00463668014991       5752.54632025        5744.7914355       5734.42443696       5721.32314403       5706.69849533       5690.79203614        5672.7994316       5653.49555642       5633.10362349       5612.55368988
   0.00466558946555       5747.56298815       5739.77538931       5730.03151112       5717.72880276       5703.26524655        5687.4623986       5669.68527256       5650.66616178       5631.20199944       5611.36233322
   0.00469438070325       5744.02944199       5734.94239902       5724.42920638       5711.16305313       5696.54569496       5681.44573572       5664.36812115       5646.64618051       5628.40281051       5610.08122511
    0.0047230113385       5735.77574416       5727.67402916       5716.60902574       5703.82496925       5689.32547404       5674.15148038       5657.84327004       5641.21588322        5624.4179104        5607.5885549
   0.00475149878422       5725.95114959       5716.94738912       5706.16479372       5694.07159276       5680.27363945       5666.51241121       5651.23304525       5635.48932284       5619.83037356       5604.75280809
   0.00477987500685       5715.31547465       5705.74414929       5695.29699204       5683.11662801       5670.06028907       5656.91111802       5642.97310735       5629.13114175       5615.40690329       5602.44967053
   0.00480816820586       5700.28909288       5690.02289101       5680.55245213       5669.41734543       5658.02795325       5646.38319577       5633.94689111       5621.59649797       5610.16694247       5599.82657401
   0.00483638293863       5684.17217675       5676.03955239        5666.5546164       5655.89536378       5644.73503755       5634.25217116       5623.85755649       5613.99079446       5604.82098042       5596.46692474
   0.00486454249403       5668.48869499       5660.06118346         5650.450172       5641.58146322       5631.78325333        5622.7458497       5613.65131297       5605.74977494       5599.03550607       5593.60412845
     0.004892665493       5648.71537326        5641.2729811       5633.72626607       5625.09583144       5617.29626185       5610.20379177       5603.49883473       5597.75421513       5593.23556788       5590.38265755
   0.00492076804631       5630.23083076       5622.96611194       5615.19146985       5608.36029511       5602.19863698       5596.72631461        5592.5078094       5589.33450929       5587.68239846       5587.19854742
   0.00494888264473       5610.35660352       5604.13835198       5598.85568372       5592.72461422       5587.39594124       5584.01469003       5581.67596944       5581.08205831       5581.81334477       5584.34212803
   0.00497703313668       5589.93491812       5585.40276404       5579.90450456       5576.12167331       5573.85134941       5572.03512436       5571.75198758       5573.16253999       5576.48397159       5581.41924601
   0.00500524553061       5571.28534353       5567.40124863       5563.18569597       5560.63905105       5559.44875451       5560.46944675       5562.81776965       5566.46310402       5571.80154866       5578.85946188
   0.00503354282267       5550.02423216       5546.53102194       5546.00616164       5545.09583771        5546.1890105       5548.58225034       5553.02339812       5559.67346097       5567.71122055       5576.92426022
   0.00506195061262       5534.79470608       5532.48336616       5529.81778448       5530.78970366       5533.68968591       5537.99324638       5544.45615508       5552.65977521       5562.71902602       5574.34474576
   0.00509045103539       5516.85652216       5514.61239603       5515.84643545       5518.18830095       5521.98289371       5528.37878908       5536.85861385       5547.06080438       5558.74431812       5571.82733245
    0.0051190645387        5499.7001003       5500.32319727       5502.07808796       5505.58243032       5511.88237282       5519.46514302       5529.46489286       5541.44091787        5555.1127402       5570.27572639
   0.00514778029128       5485.65823327       5485.00577627       5488.11669301       5493.83646629       5501.72794764       5511.24437697       5523.14136981       5536.71425415       5551.94397604       5568.67029989
   0.00517656492654       5470.70517181       5474.03495577       5478.80292602       5484.89455955       5493.90758491       5504.79366973       5518.09080916        5533.2082551       5550.01640471       5567.75678086
   0.00520540562646       5461.23342969        5463.0497592       5468.17573998       5477.10731247       5487.64211268       5499.69521331       5514.38194484       5531.05333953       5548.73304244        5567.2414266
   0.00523425909087        5450.2482944       5455.37128058       5462.12249427       5470.95100942       5482.71355851       5496.34966858       5512.28475686       5529.53346607       5547.87461058       5566.78743764
   0.00526323594751       5445.56895318       5450.34752935       5457.82893624       5468.07211441       5480.45794277       5494.53133916       5511.15735713       5528.92641827       5547.49684329        5566.7083511
   0.00529227190324       5442.78961031       5448.21616725       5456.24331503       5467.05713367       5480.71524179       5495.16722378       5511.36215755       5529.06963325        5547.8249739       5566.91268516
    0.0053212123362        5440.5569693       5447.85588673       5456.81072273       5468.89892477       5482.03933396       5496.52332026       5513.44268692       5531.01283385        5549.0026754       5567.51776202
   0.00535006399051       5443.46766282       5449.30859136       5459.30861365       5471.30815634       5485.21428636       5499.95010317       5516.02736637       5533.22186711       5551.05993408       5568.94573625
   0.00537903381712       5444.92626358       5454.20909557       5463.85135787       5475.50289782       5489.25133657       5503.72320992       5519.90032046         5536.356459       5553.28278109       5570.24096715
   0.00540811678839       5452.23818922       5461.40259684       5471.13750423       5482.76840751       5495.66623446       5509.17806814       5524.24743758       5540.39109175       5556.35132905       5571.65409998
   0.00543723796195       5462.71173279       5470.15320344       5479.45805786       5491.15494354       5503.90456098        5516.6838227       5530.89568746       5545.12657858        5559.3786542       5573.67305329
   0.00546639707543       5472.74546711       5481.20149039       5490.69175633       5501.25417917       5512.52758585       5524.80798724       5537.79726018       5550.70658803       5563.45287892       5575.61554957
   0.00549551218389       5485.27501546       5493.57121495       5503.14079812       5512.88519139       5524.19887108       5534.87340905        5545.8980098       5557.03293221       5567.83947203       5578.15278854
   0.00552464873992       5502.23071501       5509.42502082       5517.08629623       5526.69050459       5536.20373441       5545.11844493       5554.98045348       5564.32443026       5573.05267505        5581.0672365
   0.00555382645893       5518.12057858       5523.81203463       5532.21271927       5540.36172239         5548.568259       5556.81449358       5564.50993057       5571.77346305       5578.53445759       5584.13974622
   0.00558296322322       5534.52377387       5541.32056823       5548.82035777       5555.39639621       5562.17345697       5568.19602017       5574.28095635       5579.69522531       5583.71970759       5586.78482354
   0.00561226311725       5553.26485415       5558.84942359       5564.72384006       5570.85497346       5576.29799057       5580.71137954        5584.4853073       5587.13270576       5588.99936713       5589.62424396
   0.00564150684352       5573.45993633        5578.0872953       5582.82363746       5586.98502787        5590.3750609       5593.10790025       5594.77299131       5595.25320854       5594.47819737       5592.69379578
   0.00567088066816        5590.5927667       5596.21885137       5600.65341556       5603.29042531       5605.11121343       5605.66956864       5605.00653183       5603.22815491       5600.18070893       5595.65870515
   0.00570026275908        5610.5176889       5613.70538882       5616.59303903       5618.52063959       5618.70291873       5617.56645307       5615.05303897        5610.8800825        5605.1942178       5598.40747668
   0.00572955617929       5630.13804938       5633.56823355       5634.59671951       5634.14617701       5632.46106901       5629.34950426         5624.346979       5617.94747561       5610.33873654        5601.1304503
   0.00575877684436       5646.38139427       5649.58949461       5649.27104442        5647.9408697       5644.58925462       5639.95378062        5633.3201496       5624.91361178       5614.85235981       5603.61235043
   0.00578807427106       5665.67720655       5665.20155763       5663.70438013       5661.06973509       5656.01448406       5649.16832582       5640.71188398       5630.72541743       5619.01646721       5605.64587459
   0.00581741347369       5679.14430715       5680.05191497       5677.81540311        5672.6952398       5666.06000832       5658.17946252       5647.87065585       5635.56787422       5621.98494556       5607.31631913
   0.00584672285196       5695.50812903       5692.88385765       5688.56783492       5682.97856122       5675.25897403       5665.57045044       5653.74018125       5640.27856219       5625.16789112       5608.81009803
   0.00587604973654       5705.75925253       5703.38987758       5698.57983298       5690.94763189       5681.72759722       5671.27670503       5658.40088331       5643.73550011        5627.6305263       5610.26319114
   0.00590528789026       5714.15727452       5711.44863592       5705.60384967       5698.24334313       5687.90050037       5675.70415557       5661.58272198       5646.06321922       5629.03248967       5610.85438322
   0.00593436162434       5720.83032542       5717.62754766        5710.8550145       5702.15863092       5691.26116855       5679.11904457        5664.0841373       5647.26163837       5629.43269178       5610.84808061
   0.00596350233235       5729.08719904       5723.01230438       5714.73099415       5704.90630172       5693.14942551       5680.04196833       5664.80505943       5647.98098128        5629.7627858        5610.8799058
   0.00599270963341       5728.85797912       5723.20044418       5716.64861269        5706.4199525       5693.47010365       5679.50330045       5663.69143435       5646.85381209       5629.21766591       5610.87372978
   0.00602179679714        5729.8736224       5723.75520225       5714.47094533       5703.52962287       5691.38642673       5677.76244565         5661.849922       5644.95006809       5627.51821117       5609.59447199
   0.00605071418657       5726.98450169       5721.02775369       5711.94477461       5700.67237793       5687.11102589       5673.37151171       5658.28399551       5642.15972718       5625.18102048       5608.03166295
   0.00607947859667       5724.38208646       5716.48657446       5706.63631521       5695.35011624       5682.67818795       5669.15848993       5653.86188136       5638.15381574       5622.20391582       5606.41696523
   0.00610810161206       5716.02972601       5709.04181982       5699.64453335        5688.2788203       5675.71362025       5662.90473055       5648.99036303       5634.15094698       5619.32035511       5604.99642651
   0.00613660319024       5707.86616422       5699.14427004       5689.17726499       5678.99451506       5667.42624437       5655.16517728       5641.67611351       5628.55460706       5615.79631181       5603.02870553
   0.00616504492772       5696.16032598       5687.74688095       5678.80732352       5668.76448232       5657.33202181       5646.37239514       5634.71120385       5622.75052028        5610.9551957       5599.98718175
   0.00619345987864       5682.99556334       5676.29748917       5667.34649862       5657.47898413       5647.11767529       5636.94229955       5626.44728767        5616.5441302       5606.89369452       5597.93942875
   0.00622180300715       5668.36882005       5661.78849706       5653.98762865       5645.00278687       5635.86195406        5626.9873567       5618.04985827       5609.34399763       5601.83627512       5595.45982137
   0.00625009182951       5655.86522037       5646.82570699       5638.88749741       5631.33504832       5623.68186406       5616.04385914       5608.87122737        5602.6021615       5596.92199434       5592.08534679
   0.00627835864599       5638.61227652        5632.4417734        5625.0208283       5617.70322088       5610.75782236       5605.35206352       5599.92016775       5595.17229237       5591.76998444        5589.9368983
   0.00630661963833       5622.75086932       5615.38835638       5609.85264013        5604.4429036       5598.97935273       5594.24434216       5590.53623006       5588.27264059       5587.01360831       5587.10381302
   0.00633488652239       5601.41320901       5598.57946797       5593.93825812       5589.11858326       5585.82395879       5583.27534305       5581.53139408       5581.09735308       5582.28896415       5584.44213945
   0.00636317538216       5588.15984504       5582.36603005       5577.88982339         5575.155618       5572.77377711       5571.83171326        5572.4073721       5574.32094056       5577.23003492       5582.16322192
   0.00639151863169       5570.36646308       5566.54698968       5563.36646863       5561.57910732       5561.00263735       5561.67556136       5563.77272358       5567.47501028       5573.20515332       5579.78926658
   0.00641992917142       5551.98184427       5549.98868586       5548.66746327       5548.17872217       5548.90045566       5551.59125366       5555.85267313       5561.84904595       5569.04939886       5577.54337327
   0.00644841741808       5537.40578811       5534.58674348       5533.83985714       5535.10367932       5538.08326467       5542.12451201       5548.30794832       5556.08725098       5564.98943188       5575.41241955
    0.0064770035686        5522.1190843       5520.47678384       5521.04507557       5523.01595155       5527.51472768       5533.67414477       5541.56081696       5550.61983053       5561.49811403       5573.72848292
    0.0065057026183       5508.27806146       5506.79823327       5509.53405101       5513.16065521       5518.61175698       5525.85904366       5535.17877946       5546.28570659       5558.82003274       5572.50298836
   0.00653449735516       5495.44330695       5497.37572145       5498.90988056       5503.94159991        5511.4096265       5519.69187491       5530.00552384       5542.48976204       5556.42195878       5571.06873334
   0.00656338068292       5484.63841193       5485.30873978       5489.94667361       5496.69337454       5504.33880752       5514.22426645       5526.55108482       5540.05836201       5554.46171377       5570.03384447
   0.00659236922291       5475.26292054       5478.19539343       5482.65122872         5489.757644       5499.27554522       5510.30237179       5523.35849028       5537.79928801       5553.37095635       5569.83519809
   0.00662136732551       5467.13579865       5470.84268702       5477.58506765       5485.75609297       5496.03817399       5507.90653128       5521.60200872       5536.48730477       5552.71555297       5569.40927238
   0.00665031091916       5463.36265128       5466.82401893       5473.17305833       5482.33782108       5494.03070027       5506.38440969       5520.71875667        5536.4595151       5552.73939492       5569.43200621
   0.00667930954046       5459.99821801       5465.35531756       5472.83438984       5482.40459133       5493.59005734       5506.17078875       5520.98970915        5536.7451626       5553.12486994       5569.93849543
   0.00670839570576       5459.30081958       5464.81167689       5473.16015487       5483.57989191       5495.50627124       5508.39325794       5522.88354043       5538.17668384       5554.20098725       5570.35087807
   0.00673742748868       5460.43523412       5467.86788451       5476.19336955       5486.46748666         5498.621918       5511.55706842       5525.76842041       5540.78504875       5556.04135337        5571.4663605
   0.00676641317198       5465.96776713        5472.5258559        5480.6441329       5491.25221125       5502.90804274       5515.29746302       5529.30987431       5543.68512086       5558.28066615       5572.87151449
   0.00679543244479       5470.80373105       5477.87670435       5487.03628709        5497.3160826       5508.76660419       5520.59479635       5533.44445544        5546.9650213       5560.75879963       5574.08816737
   0.00682459761087       5480.31666047       5486.22687812       5495.27809383       5505.06844048       5516.07976416       5527.33365908       5539.53518147        5551.6935766       5563.67806501       5575.77880346
   0.00685369000304       5490.17924967        5497.9761248       5505.27647306       5514.54622531        5524.8342555       5534.87208379       5545.88514181       5557.05327205       5568.04805095       5578.25533637
   0.00688292659895       5499.84278028       5507.57965258       5516.18531803       5525.08648249       5534.14897617        5543.5702495       5553.24517664       5562.72311855       5571.90598014       5580.43813298
   0.00691217631492       5514.45245804       5521.17732452       5528.88527675       5536.78199263       5545.22444757       5553.06761885       5561.37347076       5569.32763883       5576.27587921       5582.51802208
   0.00694146675741       5531.08137011       5536.34844441       5543.01411821       5549.96537614       5556.83375223       5563.48901078       5569.87581894       5575.56323976       5580.84634797       5585.33783457
   0.00697066946084       5546.16207759       5551.95154054       5557.80779943       5563.44120912         5569.365493        5574.3543716       5578.74639852       5582.58483707       5585.52745325       5587.60457824
   0.00699996054761       5560.80716132       5566.21531956       5572.09556731       5576.96682578       5580.91961175       5584.36439621        5587.5589461       5589.54222278       5590.45191966       5590.40624312
   0.00702917340723       5579.66881737       5583.62479726       5587.20102176       5590.79588898       5593.75994341       5595.37909191       5595.93767944       5595.94334542       5595.07632216       5592.98392226
   0.00705845133826       5594.92833839       5599.33009691       5603.36658597       5605.61700051       5606.32104827         5606.484692       5605.54400576       5603.19051225       5599.72528152       5595.26953737
   0.00708762774896       5612.20006563       5615.66962315       5616.71810958       5617.44723094       5617.78298006       5616.46076338       5613.81109544       5609.99413241       5604.58483294       5598.00447919
   0.00711677623202       5629.83921363       5631.28873591       5631.66600662       5631.11887404       5628.65754565       5625.79909228       5621.62939953       5615.60238307       5608.63672196       5600.28997729
   0.00714607650997       5643.57871329       5644.13587406       5645.30813448       5643.74650132       5640.67408312       5635.75477589       5629.04307674       5621.63469701        5612.4897612       5601.98137337
   0.00717540446816       5657.72535037       5657.76388076       5656.47574434       5653.77257791        5649.7310554       5644.08551858       5636.50943932       5626.71503404       5615.79924415       5604.10342332
   0.00720456590243       5672.42386768       5671.48651627       5668.87068354       5664.36647491       5658.22906692        5650.9700666       5641.68933832       5631.01896217       5618.86839101       5605.34136497
   0.00723368332616       5682.19853346        5681.2097318       5677.92123658       5672.98753947        5665.6441741       5656.85572967       5646.33365541       5634.31667274       5620.95129632       5606.51332979
    0.0072628752148       5693.03000637        5690.4765817       5686.34348967        5679.9620754       5671.53861768       5661.96806727       5650.06464718       5636.91700439       5622.64377577       5607.54077812
   0.00729213385512       5701.52460779       5697.92811531       5692.88409053       5685.80564619       5676.44076109       5665.68194731       5653.16111537       5639.17174825       5624.14846546       5608.21677646
   0.00732133633818       5706.75449505       5703.23384432        5697.0481659       5688.92792887       5679.23611895       5668.42557597       5655.15218312       5640.55351829        5624.9135718       5608.26692025
   0.00735051305947       5710.89242527       5706.69624627       5699.47429143       5690.76836139       5680.10700642       5668.49244791       5655.33839425       5640.78940277       5624.77273986       5608.27727457
   0.00737968743836       5712.39535524       5707.06934734       5699.73793838       5690.81917074       5679.92010635       5667.87682387       5653.97028228        5639.0604846        5623.7420744       5607.87848285
   0.00740874693947       5711.51161806       5706.06005608        5698.4971907       5688.89411502       5677.71728975       5665.74155289       5651.94703385       5637.18635613       5621.99343028       5606.51626838
   0.00743778097792       5710.62787052       5703.88639453       5695.40589145       5685.37429749       5674.05430716       5661.92431313          5648.40089       5634.48881152       5619.91424398       5605.20760412
   0.00746669317615       5703.97351847        5698.6731159       5689.99901956       5680.29114379       5669.05465399       5657.17424219       5644.26056676       5630.62904977       5616.90343268       5603.58808868
   0.00749548163546       5697.36340748       5690.33036624        5682.5447422       5673.45154044       5662.63472511       5651.72418965       5639.53891747       5626.99190473        5614.4725783       5602.37827158
   0.00752416029606       5690.60057427        5683.5439529       5675.24013896       5665.28383795        5655.2848703       5645.04213397       5633.76552547        5622.6030634       5611.82960298       5601.14263248
   0.00755274667815       5681.67006093       5674.69597701       5666.33757198       5657.00279368        5647.1695612       5637.27555953       5627.36546854       5617.66388545       5607.96312353       5598.52741132
   0.00758125775818       5668.21328607       5660.84835674       5653.98087594        5646.2662158       5637.65746067        5629.2003755       5620.34121582       5611.77450838       5603.60866453       5596.13096589
   0.00760971906099       5656.27980771       5649.51283671       5641.74242529       5634.29694859       5626.67129673        5619.6379417       5612.45453156       5605.36656481       5598.92873816       5593.79908757
   0.00763814233269       5642.83117396       5636.23546685       5630.32087321       5623.23695623       5616.24876753       5610.13556292       5603.99216635       5598.71487123       5594.45015726       5590.97070911
   0.00766655142652       5627.56471406       5622.14085647       5616.65775572       5611.25971281       5606.12769024       5600.98101211       5596.38147873        5592.6311733       5590.00017498       5588.95764277
   0.00769497238936       5613.89967337       5607.98753892       5603.02467854       5598.07765453       5593.81035501       5590.52685915       5587.92745208        5586.4475057       5586.27990055       5587.03632585
    0.0077234107782       5596.54297384       5593.19406268       5589.09536377       5585.24923812       5582.37940644       5580.35937254        5579.4801584       5580.12588076       5581.92758014       5584.53523789
   0.00775188524376       5581.57606429       5578.46335651       5575.09899415       5573.25006352       5571.45423457       5571.13197971       5572.31988434       5574.62854814         5577.698418       5582.15562017
   0.00778040433098        5566.8828794       5564.05759536       5561.52893603       5560.46942806       5560.87795302       5562.66044464       5565.26555663       5568.85713629       5573.98048709       5580.34599858
    0.0078089756008       5554.62313806       5551.63677527       5550.14495769       5549.78734594       5550.84673724       5553.52891743       5557.75892323       5563.43622255       5570.33389769       5578.39792999
   0.00783760367947       5537.70689429       5536.89823848        5537.3344496       5539.06993395       5542.21023521       5545.87180563       5551.25840714       5558.38818151       5566.91832029       5576.62451378
   0.00786630383243       5525.13523832       5525.72473293        5525.5763463       5528.17145323       5532.61080653       5538.43644593       5545.98361651       5554.45796549       5564.36410844       5575.39661644
    0.0078950913591       5514.51903991       5512.99271759       5515.59723704       5519.46394126       5524.51186531       5531.33033208       5540.10190439       5550.59460259       5562.02260772       5574.12704368
   0.00792396102196       5503.32264807       5505.05239061       5507.97253593       5512.04506879       5518.87750485       5526.33076831       5535.91768695       5547.06095997       5559.36142818       5572.68263399
   0.00795292649007       5492.85001138        5494.7510612       5499.39109802       5506.05811789       5513.46422775       5522.74070528       5533.68916782       5545.26744634        5558.0816522        5572.1512079
   0.00798190812297       5487.85414056       5489.23099495       5493.69383555       5499.86227186       5509.05895002       5519.20534641       5530.71611325       5544.03325262       5558.14810803       5572.43555232
   0.00801087161649       5482.68143489       5485.89352735       5491.26631281       5498.20879119       5507.06038541       5516.89421441       5529.33466758       5542.85102445       5557.18970833       5572.04588648
   0.00803989934635        5476.6974013       5481.33664473       5487.47559066       5496.33042595       5506.24099091       5517.15619468       5529.51020223       5542.84134904       5556.88098888       5571.30830581
   0.00806898886373       5474.53442348       5479.62463875       5486.34579585       5494.91737472       5505.12278203       5516.68922325       5529.86157808       5543.64935504       5557.69492653       5572.35363156
   0.00809803008058       5477.16648213       5481.87506324       5488.19949893       5496.96578271        5507.3686738       5518.56695258       5531.10167617        5544.4360566       5558.79101942       5573.21390005
   0.00812702615963       5478.47582584       5483.79161127       5491.41025334       5500.43854458        5511.1305537       5521.99476627       5534.23461281       5547.38381579       5560.63315401       5573.61129181
   0.00815600051104       5482.17180462       5487.80608802       5495.40739139       5504.87001167       5515.06000788       5525.84829158       5538.13271734       5550.50106051       5562.80053718       5575.35735962
   0.00818510159471       5486.04667214       5493.21155815       5501.77385462        5510.7052199       5520.74579012       5531.05285442       5542.16799669       5553.70359355       5565.49185964       5576.77534881
   0.00821421548704       5495.32011745       5502.46268214        5509.2870849       5518.08162223       5527.62777268       5537.29514288       5547.62365513       5557.99818253       5568.18362229       5578.07129927
   0.00824341378681       5505.50226413       5512.32726025        5519.1623734       5526.55549739       5535.08483681       5544.09471456        5553.5534865       5562.84993849       5571.62777998       5580.02181976
   0.00827250959063       5518.05549525       5521.87420733       5529.26439505       5537.17377716       5545.14004215       5552.08767842       5559.85809692       5567.69618078       5575.28814179       5582.22146413
   0.00830171228845       5526.24829792       5534.65658954       5540.69324101       5546.67525318       5553.61721207       5560.64480944       5567.22097757       5573.20042283       5578.97601685       5584.12627678
   0.00833099490467       5542.57299183       5546.58861888       5552.25143844       5558.77626361       5564.26190521       5569.23638688        5574.4515746        5579.2876154       5582.99916128       5586.01191438
   0.00836026034184       5555.87406002       5561.03995587       5565.90589628       5570.05264452       5574.97964309       5579.10805405       5582.48741526       5585.23003013       5587.44695204        5588.8575393
   0.00838950590081       5570.87532292       5575.26026049       5578.88395138       5582.82834938       5585.71104284       5588.14479321       5590.41103659        5591.5784388       5591.93490725       5591.34784256
   0.00841866865309       5582.14726157       5586.96759872       5591.31518766        5594.3068165       5596.55431528       5597.71316003       5597.82802814       5597.50591737        5596.0586511       5593.13555291
   0.00844776372911       5599.15676545       5602.41351816       5604.39527466        5605.6303962       5606.75782328       5606.85417402        5605.9426416       5603.32608368       5599.49638227        5595.1458075
   0.00847691111503       5614.03340188       5616.43028124        5618.0948898        5618.9150844       5617.91791054       5615.96533453       5612.89801088       5608.86387216       5603.77436472       5597.53434283
    0.0085059896034       5628.80302702       5629.16384672       5630.04390383       5629.67450552       5627.78303506       5624.70154159       5619.80251844       5613.87941441       5607.13880992       5599.28759201
   0.00853508890469       5641.18468236       5641.39615261       5640.64018992       5638.84105276       5635.77975392       5631.51262449       5625.94862139       5618.93228826       5610.22313596       5600.60426425
   0.00856424706869       5653.49787066       5653.30002711       5651.95017637       5648.72243213       5643.98660355       5638.46996284       5631.39479851       5622.81233092        5613.3935409       5602.93686443
   0.00859341549755       5663.67769609       5663.85141566       5661.16651215       5657.71455834       5652.29222961       5645.08454223       5636.31982559       5626.73083586        5615.9830302       5603.84943403
   0.00862245511189        5673.0082976       5671.87557968       5669.67070948        5664.5741787       5657.65434884       5650.20960674        5640.8587364       5629.78450741       5617.37890584       5604.28003015
   0.00865148908989       5682.12525594       5679.57184986       5674.96872847       5669.11087248       5662.44643936       5653.89739211       5643.47042129       5631.72833002       5618.77970919       5605.34657926
     0.008680457714       5687.86740744       5685.78879581       5681.55318423       5674.89918933       5666.05687365       5656.57739711       5645.38502742       5632.91836592       5619.95971563       5606.01030566
   0.00870954875632       5694.27701184       5689.25676008        5683.4150537       5676.66435359       5668.45416193       5658.50113686       5646.63920476       5634.11670531       5620.39782337       5605.87808856
   0.00873865957801       5696.71281586       5692.28001869       5686.53281185       5678.15215907        5668.1890365       5658.07177034       5646.64098445       5633.67385005       5619.83900222       5605.66517776
   0.00876782457539       5696.42704443       5692.68376688       5685.50306998       5677.86309546       5668.33777877       5657.59112081       5645.16824379       5632.21538841       5618.78827542       5604.84904243
   0.00879698106817       5696.59161336       5691.08082627       5683.84171306       5675.52669332       5665.71682601        5655.3971828       5643.46829392       5630.68926909       5617.34828945       5604.08623347
    0.0088260618325       5693.66972881        5688.5605587       5681.59938723       5672.39975499       5662.35583937       5651.74549444       5640.20643763       5627.94167632       5615.49006997       5603.01131677
   0.00885502879749        5688.8546303       5682.79973398       5675.57403998       5667.73917635       5658.14964379       5647.84343478       5636.41384049       5624.86192011       5613.25641167       5601.67951426
   0.00888389701548       5681.45059537       5676.85831744       5669.60606795       5660.75579564       5651.49130887       5642.25996026       5631.90821474       5621.28455046       5610.69011191       5600.45739863
   0.00891267762101       5675.88008956       5668.97875177       5661.60066383       5653.45901669       5644.59872702       5635.48387204       5626.30387511       5617.03589923       5607.71487905        5598.5733647
   0.00894137963737       5663.66234325       5658.58959971       5652.39406761       5644.76893293        5636.8876036       5628.99331921       5620.36926622       5611.90665277       5604.05346397       5596.61660877
   0.00897001308611       5653.88236261       5647.88731177       5641.69127313       5635.51398894       5628.44122907       5621.34014798       5614.07916561       5607.09916617       5600.27471033       5594.41327123
   0.00899858762273       5643.84221463       5639.43777113       5633.00759557       5625.90570049       5619.05322545       5613.24643306       5607.25451073       5601.52062468       5596.64648708       5592.56059009
   0.00902711791948       5633.47641488       5627.42230712       5621.65912624       5616.11950882        5610.7165272        5605.2504715       5600.23036027       5596.19632067       5592.95509022       5590.56926983
    0.0090556292943       5619.17242238       5613.81987726       5609.43971565       5604.87598835       5600.54090956       5596.77727531       5593.44067102       5590.80237536       5589.29783402       5588.69993723
   0.00908413685325       5605.23607885       5601.55443664       5597.62433366       5593.59367973       5590.16358712       5587.70428155       5586.03004347       5585.33049787       5585.37790392       5586.32354999
    0.0091126567468        5592.9405189       5589.74463208       5585.54352332       5582.95289534        5580.6713763       5579.33771459       5578.92814029       5579.62390725       5581.36620865       5584.21802544
   0.00914121028521       5580.50753324        5575.9608486       5573.75492955       5571.55203676       5570.62270081       5571.04238908       5572.44474823       5574.64159164       5577.98383434       5582.68816914
    0.0091698146576        5564.2278386       5562.20371017       5561.25391196       5560.72298064       5561.49196421       5562.73974925       5565.33102128       5569.49508499       5574.96950465       5581.03842738
   0.00919848678303       5551.73139741       5550.16526453         5549.488729       5550.53888173       5552.41360868       5555.52752102       5559.78175839       5565.12103456        5571.4405279       5578.91995796
   0.00922724547931       5541.80775764       5540.66473914       5540.08720523       5541.08775496       5543.99811967       5548.32499267       5554.19319004       5561.18865386       5568.91027056       5577.74383161
   0.00925606126415       5530.19774412       5529.96435279       5531.28603011       5534.06996843       5537.70054761       5542.55311778       5549.17930632       5557.04204689       5566.49084814        5576.7853291
   0.00928495228522       5518.67392997       5519.91598513       5521.87583741       5525.61828242        5531.1700801       5537.61608041       5545.23873469       5554.38878989       5564.51395039       5575.32390692
   0.00931392784138        5511.0688143       5511.99107807       5515.41833521       5519.73221632       5525.71766159       5532.77163254       5541.92039143       5552.02252252       5562.88846771       5574.79190624
   0.00934287469031       5504.12201916       5506.83274869       5509.79246672       5515.06275507       5521.88106511       5529.92176944       5539.47410914       5550.05142834       5561.84094979       5574.21500987
   0.00937181388839       5496.11717738       5500.10843795       5504.27224908       5510.47180327       5518.33696715       5527.30949464       5537.62379687       5549.21219144       5561.42054035       5574.07944946
   0.00940072671703       5493.33883026       5495.98243655       5500.75111416       5507.65241104        5516.0039479       5525.26228107       5536.47063398       5548.47311759       5561.11202899       5574.18232244
   0.00942958517806       5490.57563635       5494.75418839       5500.43379343       5507.06002706       5515.55021013        5525.2333925       5536.34460806       5548.37311137       5561.10246064       5573.88573661
   0.00945855460925        5491.6297034       5493.53896901       5499.86650097       5507.92573308       5517.20185599       5526.74061239       5537.72040511       5549.50840421       5561.60932492       5574.24594643
   0.00948761629497       5490.31180427       5495.02157979       5501.27864294       5508.90467146       5518.33792377       5528.69213851       5539.89383167       5551.25200449       5563.13530403        5575.3192859
   0.00951664687457        5493.6832718       5498.29369051       5504.95593974       5512.82412119        5521.3773611       5530.70746225       5541.55822817        5553.1793204       5564.80442248       5576.17385044
   0.00954571973835       5496.57598735       5502.29676025       5509.13361507       5517.18779461       5526.54234368       5535.59266951       5545.25801568       5555.59806419       5566.50734537       5577.28620018
   0.00957487386882       5502.03399794       5508.16655901       5515.12688415       5522.48963095       5530.82128024        5539.7674143       5549.83408665       5559.65192919       5569.14316869       5578.63273618
   0.00960407073346       5510.41256257       5514.26882134        5520.5788393       5528.34521294       5536.73341368       5544.92751014       5553.80976783       5563.01927695       5572.00178465        5580.0335286
   0.00963320686282       5518.42802508        5524.2848522       5530.79331616       5537.14944032       5544.16445736       5551.83060539       5559.68715176       5567.24576283       5574.35773485       5581.62818321
   0.00966226499794       5528.19627424       5533.42016067       5539.46365832       5546.30274734       5553.25287216       5559.46608693       5565.90985301       5572.12898184       5578.24113443       5583.70955309
   0.00969138786573        5539.1638261       5545.25971304       5550.06850186       5555.48581069       5561.26523418       5567.02279566       5572.38802172       5577.36653782       5581.92979607       5585.59034719
   0.00972048693446       5552.32933082        5555.5545137       5561.03199026       5566.47218641        5570.7980514       5574.54977458       5578.65694707       5582.57509357       5585.28226079       5587.35106554
     0.009749616183         5565.626344       5568.56081691       5572.27941508       5575.87533748       5579.99383674       5583.43793303       5586.03316695       5587.42910544       5588.59920012       5589.36368944
   0.00977869044765       5575.31433605       5580.18198267       5584.46563076       5586.86881389       5588.80967159       5590.69141488        5592.1080961        5592.8405209        5592.6999212       5591.45944241
   0.00980774434172       5590.73641795       5593.22680488       5594.60749643       5597.48930369       5599.11703413       5599.16765874       5598.50009099       5597.67010325       5596.02240145       5593.29012664
   0.00983695789917       5602.15071382       5604.76074581       5606.95460013       5607.52766359       5607.30616231       5607.13237234       5605.88571942       5603.09366343       5599.19309552       5594.80356304
   0.00986613589592       5612.82555716       5615.55689567       5616.20166449       5616.71045932       5616.25190928       5614.43390025       5611.68993193       5607.84182416       5602.97462007       5597.02975862
   0.00989529015891       5623.89411613       5626.31882585       5627.14433001       5626.30135158       5624.33907813       5621.66636875       5617.33318571       5612.03994717       5605.95088468       5598.74734825
   0.00992450653848       5637.34786053       5638.35183995       5637.24983932       5635.63159687       5632.89515369       5628.40465656       5622.98332972       5616.48513421       5608.58366776       5599.70774331
   0.00995374817396       5647.61403959        5648.2013979        5647.2069076       5644.45598592        5639.9354429       5634.82534053        5628.1288802       5619.96173015       5610.91676315        5601.2355748
   0.00998302106061       5658.19773746       5657.40331055       5655.23552492       5651.40497576        5646.4232732       5639.93278443        5631.9001955       5622.91914256       5612.96453277       5602.12364203
    0.0100123308317       5666.69590382       5664.57193276       5660.91509528       5656.71422989       5650.75058214       5643.80629294       5635.23811273        5625.3437249       5614.51439165       5602.96157194
    0.0100415393579        5671.4021854       5670.38601692       5667.06265922       5661.10077577       5654.15036272       5646.35465512        5637.1170759       5626.96892924       5615.70749643       5603.66999609
    0.0100706755337       5678.42016222       5675.34924698       5670.59085039       5664.76242423       5657.25521859       5648.51499382       5638.50472638       5627.43715794        5615.8637498       5603.58454785
    0.0100997788638       5680.71465092       5678.23272253       5672.92440839       5666.35201154        5658.3710467       5649.73741502       5639.40699951       5628.19376582       5615.96521599       5603.33913826
    0.0101289191632       5683.92857738       5679.08402159       5673.73539912       5667.22138332       5658.79359114       5649.72586816       5639.35652192        5627.8936987       5615.88341003       5603.61589228
     0.010158033724       5683.49912878       5679.55761582       5673.41824307       5665.67424723       5657.54794016       5648.40155795       5637.76118471       5626.53333534       5614.84286456       5602.76891385
    0.0101871140656       5680.93204434       5676.88813305        5670.9894557       5663.78173103        5654.8704595       5645.54147714       5635.32832005       5624.36112625       5613.11989189       5601.77497979
