# Probe 0 (0.00909091 0.05 0.02)
# Probe 1 (0.01818182 0.05 0.02)
# Probe 2 (0.02727273 0.05 0.02)
# Probe 3 (0.03636364 0.05 0.02)
# Probe 4 (0.04545455 0.05 0.02)
# Probe 5 (0.05454545 0.05 0.02)
# Probe 6 (0.06363636 0.05 0.02)
# Probe 7 (0.07272727 0.05 0.02)
# Probe 8 (0.08181818 0.05 0.02)
# Probe 9 (0.09090909 0.05 0.02)
#             Probe                   0                   1                   2                   3                   4                   5                   6                   7                   8                   9
#              Time
  2.17102420367e-05      0.065414319746     0.0654127583061     0.0656838983973     0.0661168236569     0.0666276773999     0.0671231713762     0.0675558536481     0.0678302103863     0.0679264592269     0.0678264986532
  4.49313511324e-05     0.0656330043685     0.0656262880596     0.0658247485041      0.066217786853     0.0667031079785     0.0671841508303     0.0676204155772     0.0679023953535     0.0680081979702     0.0679148865201
  6.87889873076e-05     0.0658834323651     0.0658659482961     0.0660023898934     0.0663280510274     0.0667943052707     0.0672579246308     0.0676867657391     0.0679709924092     0.0680837487249     0.0679947494248
  9.24433643179e-05     0.0660772766353      0.066000599354      0.066168999204     0.0664737793977     0.0668831316696     0.0673294955936     0.0677510340143     0.0680317524279     0.0681513614382     0.0680692638696
  0.000115985187459     0.0664142600542     0.0662715468334     0.0662961600897     0.0665720245644     0.0669969739738     0.0674013630009     0.0678021124467     0.0680844811513     0.0682139557107     0.0681367168594
  0.000139860088145     0.0666904794479      0.066524426869     0.0665503359093     0.0667245225269     0.0670548284524      0.067481074739     0.0678550838607     0.0681301486944     0.0682698876578     0.0681997390706
   0.00016415586076      0.066958778425     0.0667466362685     0.0667019416252     0.0668616643169     0.0671729036353     0.0675275662113     0.0679048969629     0.0681819694037     0.0683188264207     0.0682545075938
  0.000188803013567     0.0672628210816       0.06701767943     0.0668918061855     0.0669629915135     0.0672264842673     0.0675919458225     0.0679413029301     0.0682200275225     0.0683682032476     0.0683003463063
  0.000213703833321     0.0675916688114     0.0673269092741     0.0671492608158     0.0671398396964     0.0673064378085     0.0676104610085     0.0679603586666     0.0682441369163     0.0683961432983     0.0683440122448
  0.000238793112375     0.0679458231489     0.0676032776763     0.0673712809961     0.0673126353052      0.067442109032     0.0676884540478     0.0679755157817      0.068239780522     0.0684068453004     0.0683678736916
  0.000264062727353      0.068234110588     0.0678428026144     0.0675588653758     0.0674285165962     0.0675026099527     0.0677306822547     0.0680208263629     0.0682563892141     0.0683990625147     0.0683692076315
  0.000289439194702     0.0685442770615     0.0681138692732     0.0677733152649     0.0675817451559     0.0675729905404     0.0677345875465     0.0679981808163      0.068248441278     0.0684034580051     0.0683679892857
  0.000314882879974     0.0688143171004      0.068371193005      0.067968234044     0.0677368484394     0.0676579842821     0.0677569261997      0.067973860261     0.0681937819409     0.0683627846315     0.0683724183446
  0.000340394947013     0.0690641182275     0.0685945729676     0.0681461649846     0.0678993829427     0.0677490413373     0.0677873704529     0.0679504173252     0.0681392221428     0.0683022872478     0.0683293684263
  0.000365964444433     0.0693005223458     0.0688122499833     0.0683278502069     0.0680320451124     0.0678160934045     0.0678055447678     0.0679282391682     0.0680986564532     0.0682519689412      0.068268637749
  0.000391534892186     0.0695147058007      0.069003370515     0.0685067485091     0.0681529075358     0.0678615711268     0.0677844846185     0.0678601280586     0.0680307983102     0.0681878534643     0.0682404732551
  0.000417081717913     0.0696830692711     0.0691799535637     0.0686773211326     0.0682639109208     0.0679092658737     0.0677687322956     0.0677921867008     0.0679310290663     0.0680928614963     0.0681825876624
  0.000442608756378     0.0698057124178     0.0693372282978     0.0688372783886     0.0683666185266     0.0679544356811     0.0677530929288      0.067732854865       0.06784615413      0.068000696543     0.0680878204752
  0.000468098494245     0.0699177454276     0.0694657745019     0.0689714860765     0.0684623037251     0.0679856986061     0.0677292655377     0.0676607202271     0.0677601743808     0.0678927740189     0.0680058725114
  0.000493529555197     0.0699957250362      0.069556220821     0.0690511255953     0.0684892554971      0.068003761482     0.0676991382983     0.0675877996595     0.0676441898337     0.0677692369756     0.0679117795422
  0.000518882220633     0.0699976886589     0.0696149633979     0.0691183267141     0.0685103920952     0.0680115211553     0.0676768797238     0.0675150065257     0.0675280315837     0.0676463173769      0.067801654555
  0.000544150598002     0.0699910127422     0.0696478372341     0.0691612340349     0.0685634650688     0.0680124155102     0.0676457903709     0.0674277980531     0.0674079982295     0.0675167253453     0.0676865225814
  0.000569352970121     0.0699720663462     0.0696339499973     0.0691717853767     0.0686043958525     0.0680031548485     0.0676100243681     0.0673382514737     0.0672771611296     0.0673744401399     0.0675549609077
  0.000594477456061     0.0698718915308     0.0695999318365     0.0691583526356     0.0686243270417     0.0679463506027     0.0675626688893     0.0672599015002     0.0671538787479     0.0672295236346     0.0674195220168
  0.000619515572853      0.069771133083     0.0695275591641     0.0691340699247     0.0686154945773     0.0679106143829     0.0675106531995     0.0671760560785     0.0670366597363     0.0670947900758     0.0672872077375
  0.000644472310557     0.0695978214364     0.0694258880321     0.0690717623916     0.0685764126274     0.0678824279216     0.0674583609006     0.0671101453289     0.0669260361346     0.0669612506413     0.0671576161848
  0.000669359049035     0.0694577500378     0.0693034809777     0.0689800350671     0.0685189909583     0.0678703287536     0.0673912061996     0.0670416094137      0.066835783029     0.0668391348995     0.0670257174553
  0.000694194795293     0.0692403134772     0.0691612502688     0.0688842935865     0.0684522337572     0.0678522764701     0.0673150886528     0.0669653529681     0.0667413930965     0.0667210293403     0.0668965545837
  0.000718976102697     0.0690227746002     0.0689899881357     0.0687513395417     0.0683728934419     0.0678171114691     0.0672483506162     0.0668958072921     0.0666606017913     0.0666010475758     0.0667673370312
   0.00074370886909     0.0687906783005     0.0687902140076     0.0686083157607     0.0682737625393     0.0677702862541     0.0671954470853     0.0668251919476     0.0665910223071     0.0665068499463      0.066651411466
   0.00076842360686     0.0685379894675     0.0685811867489      0.068456042198     0.0681656186097     0.0677164063793     0.0671627511371      0.066763685528     0.0665313437579     0.0664281683062     0.0665563915974
  0.000793132062876      0.068248481352     0.0683424868458     0.0682665952867     0.0680380852556     0.0676509121943     0.0671431791354     0.0667269009701     0.0664898359623     0.0663656980173     0.0664727330638
  0.000817853037546     0.0679879931681     0.0681008504699      0.068079551478     0.0679054572558     0.0675653990124     0.0671242056169      0.066702961126     0.0664613058738     0.0663199283544     0.0663992366654
  0.000842613075245      0.067700992057     0.0678558806649     0.0678881540496     0.0677646696952     0.0674844832876     0.0671142494963     0.0666983420412     0.0664423193542     0.0662831718009     0.0663358181669
  0.000867425993556     0.0673849181136     0.0675962264787     0.0676858846684     0.0676090447955     0.0673949786031     0.0670936627904     0.0667153260907     0.0664338793453     0.0662660851273     0.0662860242694
  0.000892322414456     0.0670830435436     0.0673333579044     0.0674627018962     0.0674556427299     0.0673138795377     0.0670612902418     0.0667241888385     0.0664253005574     0.0662732076939     0.0662592253063
  0.000917326757228     0.0668111279141     0.0670674782776     0.0672495966877     0.0673118231308     0.0672319582236     0.0670342803578     0.0667417796218     0.0664214466681     0.0663015345582     0.0662510770715
  0.000942454462413     0.0665156880202     0.0668101325623     0.0670440571636     0.0671639117841     0.0671412749233     0.0670010973922     0.0667629583936      0.066438874729     0.0663522882432     0.0662568861862
  0.000967729885561     0.0662387145972     0.0665577374264     0.0668340507172     0.0670114636693     0.0670511228642     0.0669702128466      0.066779566325     0.0664843342233     0.0664003759157     0.0662750089357
  0.000993176914595     0.0659834862406      0.066319428703     0.0666292061284     0.0668590782205     0.0669604939934     0.0669395913022     0.0668020398286     0.0665725297778     0.0664245043816       0.06629841142
   0.00101881500861     0.0657400928066     0.0660938039131     0.0664303396618     0.0667105043596     0.0668721331341     0.0669051630692     0.0668182906141     0.0666586142973     0.0664397717892     0.0663297585631
    0.0010446629119     0.0654951418471     0.0658722922492     0.0662449526582     0.0665686576023     0.0667909426648     0.0668786519129     0.0668346569113     0.0667349950876     0.0664758644509      0.066358773713
   0.00107073887984      0.065296435915     0.0656783671904      0.066088839263     0.0664397305678     0.0667182706632     0.0668577915942     0.0668642168022     0.0668094823847     0.0665553919908     0.0663956928862
   0.00109705515075      0.065120387463     0.0655109891066      0.065930059119     0.0663210418812     0.0666510249127     0.0668386055855     0.0668952645721     0.0668770652372     0.0666674701898     0.0664618721799
   0.00112362334623     0.0649795038692     0.0653492979482     0.0657958978743     0.0662218687489     0.0665874872088     0.0668282751934     0.0669304312774     0.0669380879995     0.0667801686671     0.0665570816539
   0.00115045072968      0.064853299663     0.0652242073954     0.0656838387129      0.066144076405     0.0665549124521     0.0668333804081     0.0669788039211     0.0670087391673     0.0668938427667     0.0666667242749
   0.00117754423213     0.0647836955457     0.0651407388101     0.0656001263768     0.0660849829916     0.0665221958876     0.0668415304693     0.0670298892733     0.0670895016775     0.0670089021069     0.0667994105344
   0.00120489673056     0.0647295982655     0.0650801770522     0.0655379270439     0.0660380064755     0.0665007993906     0.0668481466591         0.067078435     0.0671741409493     0.0671150842118     0.0669317615344
   0.00123249480925     0.0647401065642      0.065066694675     0.0655050399912     0.0660121088658     0.0664867686509     0.0668645721939     0.0671345030393     0.0672597907315     0.0672243905707     0.0670630716933
   0.00126045076471     0.0647910140322      0.065069242806     0.0654988000607     0.0659959575459     0.0664856542378     0.0668892925117      0.067192442878     0.0673496053089     0.0673325962638     0.0671854915569
   0.00128897487086     0.0648630767943     0.0651161531166     0.0655169682821     0.0659995777287     0.0665028860069     0.0669200610087     0.0672554999002     0.0674345214928      0.067438971685     0.0673020219578
   0.00131812794953     0.0649907228322     0.0651926458986     0.0655606649889     0.0660348298998     0.0665358317029     0.0669700930552     0.0673225909779     0.0675206941083     0.0675518868287     0.0674215935164
   0.00134735363093     0.0651671169254      0.065318652892     0.0656380797732     0.0660876203568     0.0665792856772     0.0670210636226     0.0673865402422     0.0676080049772     0.0676570704842     0.0675369498387
    0.0013766062126     0.0653721357316     0.0654763245942     0.0657526810366     0.0661638641278     0.0666399720698     0.0670809501265     0.0674571628188     0.0676936652003     0.0677590397998     0.0676432789085
   0.00140592149558      0.065583688819     0.0656471083571      0.065883559572     0.0662519361804     0.0667122805549     0.0671523113608     0.0675335380112     0.0677811539864     0.0678544026918     0.0677458605916
   0.00143521465422      0.065869994518     0.0658550468693     0.0660363148726      0.066359983105     0.0667864823353     0.0672200681644     0.0676054013043     0.0678578016464     0.0679439262164     0.0678410358902
   0.00146447194289     0.0661599531634     0.0661021581767     0.0662248553478     0.0664985790158     0.0668832282676     0.0672948709087     0.0676686064308     0.0679252344657     0.0680238421291     0.0679284450931
   0.00149384619769     0.0664482939853      0.066343008748     0.0664055203921     0.0666356452416     0.0669823824242     0.0673677548813     0.0677372555871     0.0679912089277     0.0680942267881     0.0680097066755
   0.00152322915379     0.0667724854367     0.0666124463925     0.0666107501902     0.0667772943858     0.0670806890637     0.0674291175224     0.0677865886051     0.0680420665012     0.0681571650805     0.0680848377319
    0.0015525949512     0.0671092482884     0.0669017328698     0.0668283698662     0.0669314910128     0.0671894360277     0.0674959086327     0.0678289254102     0.0680780840576     0.0682003235849      0.068144789349
   0.00158201387851     0.0674419561151     0.0671794924274     0.0670509467082     0.0670907016466     0.0672810257134     0.0675531468164     0.0678626832705     0.0681048823683     0.0682308754072     0.0681871955346
   0.00161141360855     0.0677699497736     0.0674548300824     0.0672687694764     0.0672379780193     0.0673654451677     0.0675966097011     0.0678758659739     0.0681125976556     0.0682474126094     0.0682168651568
   0.00164076648109     0.0680614110472     0.0677486319535     0.0675025182694     0.0673989194011     0.0674515569052     0.0676337549092     0.0678841656444     0.0681064134846     0.0682461594903     0.0682301848044
    0.0016701954368     0.0683760002835     0.0680169866401     0.0677137556844     0.0675539674962     0.0675438147254      0.067672821626     0.0678850620594     0.0680903091677     0.0682341477245     0.0682309863197
   0.00169944058492     0.0686809529486     0.0682820439805     0.0679184055276     0.0676930304416     0.0676206768411     0.0677004314994     0.0678742539969     0.0680590205998     0.0682067898248      0.068222766311
   0.00172878023701     0.0689257573049     0.0685248105327      0.068130895641     0.0678282761399     0.0676795841713     0.0677037076796     0.0678422883307     0.0680129283555     0.0681593664697     0.0681933562031
   0.00175814383379     0.0691285512539     0.0687238572395     0.0683049267397     0.0679641997612     0.0677591960541     0.0677109954389     0.0677969317099     0.0679490038549     0.0680900371902      0.068147503256
   0.00178730419845     0.0693278442221     0.0689309507621     0.0684778498648     0.0680725756522     0.0678058157154      0.067707661002     0.0677552332494     0.0678794801674     0.0680084901971     0.0680896055094
   0.00181655137119     0.0694717412247     0.0690765331956       0.06862891587     0.0681831025636     0.0678546975349     0.0676897214006     0.0676848147582     0.0677908781439     0.0679183474272     0.0680172441165
   0.00184573320945     0.0695656753348     0.0691957291651     0.0687338292796     0.0682565695224     0.0678896138608     0.0676755226307     0.0676147542024     0.0676877123474     0.0678083482236     0.0679279293697
    0.0018747392974     0.0696533783506     0.0692901431952     0.0688263514411     0.0683250086211     0.0679082579409      0.067642925327     0.0675315048012     0.0675794063422     0.0676930112871     0.0678282115104
   0.00190350455321     0.0696818156865     0.0693486608536     0.0688931801206     0.0683742523997     0.0679211933657     0.0676098175355     0.0674463103329     0.0674583713964     0.0675629705982     0.0677157965289
   0.00193203463475     0.0696563212024     0.0693639116717     0.0689171537163     0.0684039533379     0.0679271069467      0.067577009462     0.0673658271355     0.0673387799259     0.0674267797357     0.0675873609943
   0.00196035111291     0.0695887256388     0.0693394282341     0.0689168652744     0.0684157181056     0.0679159905596     0.0675368240756     0.0672886886973     0.0672193717554     0.0672886504655     0.0674558927046
   0.00198848170667     0.0694858534653     0.0692907489051     0.0688962023255     0.0684118989844     0.0678986534473     0.0674920096747      0.067209490098     0.0671024026206     0.0671542643424     0.0673204715398
   0.00201645850297     0.0693786519499     0.0692089945957     0.0688584682639     0.0684050294679     0.0678809262318     0.0674536560208      0.067137888885     0.0669895043338     0.0670232528918     0.0671876616356
   0.00204432811656     0.0692063791745     0.0690869832656     0.0687810071725     0.0683584115751      0.067850196049     0.0674118722227     0.0670699402202     0.0668903906587     0.0668998226783      0.067058144025
   0.00207209975738     0.0690150887451     0.0689497070624     0.0686873786567     0.0682961451541     0.0678098864136      0.067361232364     0.0670004238141     0.0667957153305       0.06678400527     0.0669347243801
    0.0020998132419     0.0688073848533     0.0687754148533     0.0685658812519     0.0682151804182     0.0677721640954     0.0673232686575     0.0669440352411     0.0667157633575      0.066676614998     0.0668178216066
   0.00212751326903     0.0685773145662     0.0685756232734     0.0684255214386     0.0681124437735     0.0677074277207     0.0672828147894     0.0669045055747     0.0666518644331     0.0665854469616      0.066713059218
   0.00215520196908     0.0683023046511     0.0683541537609     0.0682614962154     0.0679997974792     0.0676357251526     0.0672379767977     0.0668626695484     0.0665949919827     0.0665104993356     0.0666184156863
   0.00218290685778     0.0680396552334     0.0681342163815     0.0680890298164     0.0678788143932     0.0675596220111     0.0671971769201     0.0668262546118     0.0665475217407     0.0664457233382     0.0665335018214
   0.00221065669043     0.0677409909807     0.0678883170946     0.0678879660952     0.0677470128504      0.067479493081     0.0671562447014     0.0668080913005     0.0665208990131     0.0663975729116     0.0664630866718
   0.00223848531975     0.0674742103759     0.0676250452179      0.067680703716     0.0676091438681     0.0673902226983     0.0671160290537     0.0667975873589     0.0665108678704     0.0663768751174      0.066415292923
   0.00226640451825     0.0671723780654     0.0673759136319     0.0674803799414     0.0674655343574     0.0673138316696     0.0670840417604     0.0667959106899     0.0665127412901     0.0663691931941     0.0663866629043
    0.0022944026979     0.0668997489285     0.0671221842173     0.0672739064102     0.0673133094772     0.0672287503387     0.0670482681429     0.0668059365559     0.0665340325203     0.0663759243231     0.0663703753346
   0.00232250874359     0.0665923424942     0.0668642064627     0.0670598608662     0.0671649933834     0.0671496277177     0.0670171248895     0.0668154964644     0.0665703560588     0.0664036174608     0.0663775368386
   0.00235075990656     0.0663456905076     0.0666224827151     0.0668567850832     0.0670159734057     0.0670634050166       0.06699391616     0.0668353228558     0.0666167958801     0.0664442650191     0.0664010882369
   0.00237917966042     0.0660773765419     0.0663895852359     0.0666665126194     0.0668672089118     0.0669755828627     0.0669607056576     0.0668470971137     0.0666703019151     0.0665004228362     0.0664339784563
   0.00240778578876     0.0658269675686     0.0661626110335     0.0664752924983     0.0667378340111     0.0668914132067     0.0669306311754      0.066864799356     0.0667214862601     0.0665618952388     0.0664840402719
   0.00243655638178     0.0656363439482     0.0659639163612     0.0663077625623     0.0666082394629     0.0668154184586     0.0669154875992     0.0668923268343     0.0667845477816     0.0666390416878     0.0665450196165
   0.00246544545595     0.0654382752873     0.0657800938996     0.0661568233179     0.0664913019179     0.0667495779087     0.0668962704046     0.0669254911879      0.066854692145      0.066728876051     0.0666222675939
   0.00249445813187     0.0652987401724     0.0656257745162     0.0660108024113      0.066377236602     0.0666876458047     0.0668850404496     0.0669615965752      0.066923671922     0.0668212815622     0.0667051433318
   0.00252349611105     0.0651827652054     0.0655118551778     0.0659076295246     0.0662977007221     0.0666356657923     0.0668720106033     0.0669984203722     0.0669976273176     0.0669187425446     0.0667949420919
   0.00255249176933      0.065083000455      0.065419442709     0.0658237763956     0.0662454034803     0.0666206702074     0.0668837099063     0.0670440012652     0.0670732817754       0.06701917646     0.0668965826553
   0.00258152392531     0.0650606527851     0.0653591932007     0.0657589923077     0.0661879942278      0.066593339095     0.0668991896448     0.0671042834321      0.067160031858     0.0671201703096     0.0669981773717
   0.00261067444533     0.0650524632929     0.0653154223962     0.0657191051378     0.0661583682699     0.0665765713039     0.0669079806642     0.0671438712098     0.0672390466346     0.0672194235277     0.0671010755283
   0.00263980444396     0.0650885027008     0.0653329996164     0.0657102912495     0.0661472479347     0.0665778022619      0.066940434937     0.0671975086122     0.0673148420553     0.0673104175427     0.0672040502947
   0.00266896617034     0.0651672043106      0.065368661133     0.0657299122478     0.0661615060382     0.0665900041491     0.0669697700379     0.0672547251101     0.0674034764885     0.0674138317005     0.0673062683795
   0.00269815298247     0.0652793594118     0.0654546615248     0.0657763002106     0.0661918850824     0.0666151970992     0.0670043927984     0.0673085831476     0.0674797735489     0.0675103556607     0.0674098629471
   0.00272735003484     0.0654178174458      0.065555201887     0.0658460845685      0.066243482793     0.0666600249397     0.0670504083074     0.0673686870455     0.0675578852035     0.0676036219317     0.0675085515215
   0.00275657921395     0.0655946774519     0.0656953216986     0.0659296151175     0.0663058106854     0.0667195175546      0.067103181353     0.0674342567514      0.067639383051     0.0677012386509      0.067608860359
    0.0027858894332     0.0657994382069     0.0658511707453     0.0660550885652      0.066387598439      0.066782619916     0.0671576482346     0.0674941711491     0.0677122646905      0.067784596739     0.0676979035865
   0.00281522260286     0.0660316759295     0.0660350047898     0.0661805788922     0.0664741034527     0.0668555519065      0.067219245387     0.0675546551839     0.0677759609094     0.0678537161646     0.0677743474853
   0.00284455316894     0.0662792192295     0.0662433983987     0.0663376672874     0.0665807331923     0.0669293396767     0.0672856640428     0.0676102633947     0.0678361211709     0.0679254149286     0.0678547689855
   0.00287380165671     0.0665435984047     0.0664506293119     0.0665087435338      0.066708679265     0.0670139171315     0.0673467243204     0.0676608039895     0.0678941219892     0.0679925737021     0.0679265007728
   0.00290302546432     0.0668431722502     0.0666958473966     0.0666902935218     0.0668278155159     0.0670943782567     0.0674085232701     0.0677074890102     0.0679412599867     0.0680427196757     0.0679820197937
   0.00293234971975     0.0671127250727     0.0669304539054     0.0668802110327     0.0669659262977     0.0671740859177     0.0674603398319     0.0677469934126      0.067977218267     0.0680785112336     0.0680292921898
   0.00296176449125     0.0673905640186     0.0671731817909     0.0670683020924     0.0671040480356     0.0672675015283     0.0675150644101     0.0677737966719     0.0679960856222     0.0681093116761     0.0680738769348
   0.00299124526061     0.0676973936668     0.0674331050165     0.0672680747058     0.0672401225656     0.0673507807423     0.0675532256704     0.0677893943117     0.0680056088912     0.0681234886626     0.0681004101334
   0.00302064204151     0.0679741796121     0.0676808697057     0.0674657084057     0.0673763342353     0.0674276167085     0.0675821245091     0.0677924389155     0.0680004558863     0.0681230675798     0.0681118445899
   0.00304989776909     0.0682282105631     0.0679182865982     0.0676617160951     0.0675063256694     0.0675014839584     0.0676053838879     0.0677851064527      0.067980365724     0.0681073472734     0.0681127589294
   0.00307920989949     0.0684646402376      0.068145571943     0.0678434135967     0.0676319133171      0.067572839897      0.067627903365      0.067779049312     0.0679498392902     0.0680772828934     0.0680968759734
   0.00310845471281     0.0687018306284      0.068343527626     0.0680050211309     0.0677520754046     0.0676291310095     0.0676344689552     0.0677535081641     0.0679099081101     0.0680364520953     0.0680671884072
   0.00313772019254      0.068891420357     0.0685371973186     0.0681697793603     0.0678652555037     0.0676833943016     0.0676383296515     0.0677154338384     0.0678554254391     0.0679781075997     0.0680254705377
   0.00316695307306     0.0690437077033      0.068701840731     0.0683208185879      0.067977903091     0.0677396532214     0.0676415288411     0.0676743001681     0.0677947419929     0.0679091588569     0.0679707941867
   0.00319611584062     0.0691876179328     0.0688400569256     0.0684355493827     0.0680571384205     0.0677800020032     0.0676388952316     0.0676240667018     0.0677197629706     0.0678293120786     0.0679064262027
   0.00322512653775     0.0692886002761      0.068950084798     0.0685498703994     0.0681344769963       0.06780988981     0.0676181264947     0.0675575457269     0.0676281777541     0.0677364411482     0.0678279976565
    0.0032540936848     0.0693391299593     0.0690215151432     0.0686221871075     0.0681922962921     0.0678403334114      0.067601125111     0.0674920192974     0.0675261689234     0.0676300372803     0.0677368716903
   0.00328295241781     0.0693798208496     0.0690920198879     0.0686912566202      0.068233032319     0.0678467830317     0.0675705687349     0.0674268954675     0.0674249829736     0.0675205983643     0.0676390694764
   0.00331160137832     0.0693540274715     0.0691051294197     0.0687123506624     0.0682719294398     0.0678538168076     0.0675367002091     0.0673525339718     0.0673172062727     0.0674019224266     0.0675337702168
   0.00334006077925     0.0692954933018     0.0690779507346     0.0687184848812     0.0682763245483      0.067845977535      0.067507879485     0.0672853915261     0.0672136520022     0.0672764708978     0.0674164417903
   0.00336838065555     0.0692177292025     0.0690429158507     0.0687051876289     0.0682732541772     0.0678386765109     0.0674709429124     0.0672219012149     0.0671182045179     0.0671599427253     0.0673063678717
   0.00339660393402     0.0691300625431     0.0689636025366     0.0686692553068     0.0682525440916     0.0678198161781      0.067433695081     0.0671532225057     0.0670232760739     0.0670517826629     0.0671997402356
   0.00342472076707     0.0689619323212     0.0688579659371     0.0685994006608     0.0682115989654     0.0677884683915     0.0673882640851     0.0670893957274     0.0669353804336     0.0669424141028     0.0670859085499
   0.00345274325975     0.0687984084635     0.0687123774878     0.0684968417022     0.0681521568267     0.0677414091292     0.0673484303492     0.0670364471628     0.0668559126983     0.0668389920473     0.0669784762584
   0.00348069957803     0.0686087788262     0.0685705622034     0.0684029173118     0.0680868043081     0.0676947269665     0.0673151561929     0.0669912052061     0.0667852408615     0.0667484043155     0.0668795010214
   0.00350862609239     0.0683845312108     0.0684002258197     0.0682720765466     0.0680066900813     0.0676394631233     0.0672765600355     0.0669470777062     0.0667273301993     0.0666705584434     0.0667820598634
   0.00353654553674     0.0681805183596     0.0682148861446      0.068121408428     0.0679080310876      0.067575188916     0.0672335397662     0.0669082364029     0.0666804563907     0.0665992649453      0.066696454026
   0.00356447310267     0.0679393328816     0.0680017371711     0.0679813134058     0.0678066704792     0.0675126440694     0.0671942420628     0.0668807198728     0.0666429146348     0.0665451184609     0.0666233337557
    0.0035924301824     0.0676786369264     0.0678028240668     0.0678115448795     0.0676929934618     0.0674566365544     0.0671650458384     0.0668616270725     0.0666207082714     0.0665085841798     0.0665644700919
   0.00362042322097      0.067426670614     0.0675762762477      0.067621958439     0.0675643805429     0.0673842983034     0.0671313249231     0.0668533715858     0.0666117626954     0.0664863063556     0.0665203108347
   0.00364847635432     0.0671611499633      0.067346253291     0.0674408247186     0.0674342995438       0.06730827559     0.0670973535684     0.0668466722347     0.0666075332032     0.0664775776676     0.0664911735774
   0.00367661528706     0.0669212340178     0.0671281983405     0.0672601434252     0.0672991189168     0.0672319701994     0.0670696716589     0.0668495976188     0.0666136419058     0.0664803827027     0.0664769456428
   0.00370486229105      0.066669079038     0.0668988725133     0.0670810242307     0.0671685795509     0.0671542104693     0.0670409796163     0.0668628512699     0.0666380858006      0.066498701096     0.0664740091267
   0.00373325053983     0.0664306075038     0.0666804764763     0.0669005044998     0.0670369351094     0.0670730990794     0.0670120543417     0.0668780590453     0.0666747660806     0.0665333676098     0.0664899265786
   0.00376180243283      0.066207221586     0.0664789743689     0.0667280076017     0.0669097095213     0.0669945822791     0.0669902117748     0.0668963880243     0.0667171589948     0.0665766469959      0.066519688579
   0.00379049303022     0.0659911057777     0.0662871898654      0.066563309331     0.0667899846341      0.066924863953      0.066969141203     0.0669180592862     0.0667747742153     0.0666365294885     0.0665560385441
   0.00381929966411     0.0658103323432     0.0661052271249     0.0664152122889     0.0666784862492     0.0668595051891     0.0669516794819     0.0669398033188     0.0668319982298     0.0667012129276     0.0666115365375
   0.00384822330821       0.06566311642     0.0659591633576     0.0662918483603     0.0665813178742     0.0668069410381     0.0669414591019     0.0669718327474     0.0668936566536     0.0667733506148     0.0666725519113
   0.00387712883224     0.0655210008212     0.0658207289243     0.0661631882717     0.0664902154387     0.0667596432256     0.0669315136973     0.0670051145957     0.0669599439512     0.0668546107388     0.0667449108594
   0.00390609284773     0.0654329633339     0.0657182473075     0.0660675838857     0.0664165860567      0.066717229729      0.066926061476     0.0670397427839     0.0670217741507     0.0669352578346     0.0668290956178
    0.0039351699105     0.0653642620707      0.065633643195     0.0659971387076     0.0663590464593     0.0666884969297     0.0669298848246     0.0670778247964     0.0670898521613     0.0670227069624     0.0669150645208
   0.00396424120001     0.0653203531504     0.0655795770387     0.0659335536877     0.0663122857503     0.0666711319265     0.0669399188665     0.0671177749808     0.0671635690916     0.0671117105883     0.0670068216119
   0.00399332503207     0.0653345671391     0.0655659395831     0.0659043064503     0.0662829844803      0.066660157815     0.0669535348788     0.0671624794848     0.0672365971784     0.0671981876648     0.0671001209522
   0.00402246562757     0.0653529693216     0.0655733234774     0.0659071521606     0.0662866346801     0.0666692593386     0.0669762588025     0.0672091008352     0.0673126749327     0.0672914220006     0.0671962886926
   0.00405158170747     0.0654282759787     0.0656064509723     0.0659132844898     0.0662942838703     0.0666854267322     0.0670070357592     0.0672579296822     0.0673870286213     0.0673837102086     0.0672949996807
   0.00408073011211     0.0655247991814     0.0656786757954     0.0659613257685     0.0663189057808     0.0667062293374     0.0670417905766     0.0673109912452     0.0674591945588      0.067467786043       0.06738251226
   0.00410989957431     0.0656488378738     0.0657734792561     0.0660154150511     0.0663622857806     0.0667442252713     0.0670853607271     0.0673684584638     0.0675313107222       0.06755047277     0.0674692445377
   0.00413908926445     0.0658040460553     0.0659027166283     0.0661116631775     0.0664217838109      0.066790642367     0.0671350186874     0.0674276785623     0.0676011571238     0.0676346225126     0.0675599730427
   0.00416826526217     0.0659884487559     0.0660328907041     0.0661986550628     0.0664912236038     0.0668436399526     0.0671796446363     0.0674783983881     0.0676628888918     0.0677124771504     0.0676428304901
    0.0041975803339      0.066213699084     0.0661991889801     0.0663348732648     0.0665792462878     0.0669014498642     0.0672311562387     0.0675267891281     0.0677164957807      0.067775131436      0.067711257177
   0.00422684976264     0.0664082011556     0.0663709387084     0.0664662731917     0.0666772769431      0.066974290977     0.0672866708162      0.067578666831     0.0677704774259     0.0678379467132     0.0677797058622
   0.00425612883174     0.0666432106066     0.0665697018805     0.0666103110909     0.0667786857408     0.0670391330588     0.0673356317557     0.0676223417931      0.067818471605     0.0678968903029     0.0678460875589
   0.00428538293293     0.0668987960557     0.0667746974091     0.0667661756595     0.0668812618405     0.0671112418703      0.067382362189     0.0676596525556     0.0678567278829     0.0679404377611     0.0678952596722
   0.00431467907099     0.0671428713694     0.0669716743987     0.0669308476958     0.0670025596002     0.0671863466173     0.0674271690223     0.0676907449175     0.0678863938546     0.0679739591591     0.0679371988519
   0.00434401892446     0.0674041090784      0.067204454399     0.0670999526852     0.0671219014615     0.0672649250276     0.0674719917197     0.0677099223386     0.0678998155823     0.0679937993041     0.0679716764561
   0.00437339522949     0.0676518351434     0.0674347201701     0.0672829360784     0.0672554294738     0.0673335982073     0.0675051079137      0.067728006673     0.0679053258232     0.0679980971261     0.0679846960597
    0.0044027685957     0.0678878280151     0.0676428463673     0.0674440526531     0.0673674548306     0.0674081657917     0.0675387973551     0.0677326693915     0.0679000423377     0.0679983226281     0.0679975503121
   0.00443214517116     0.0681307465822     0.0678621677305     0.0676202627794     0.0674863372064     0.0674685240113     0.0675593990784     0.0677275475974     0.0678810093251     0.0679886856837     0.0680020718677
   0.00446131302883     0.0683295207931     0.0680594581788     0.0677854418501     0.0675971311881     0.0675338892741     0.0675788083434     0.0677049224231     0.0678499641769     0.0679644502181     0.0679854628897
   0.00449058289701     0.0685137677781      0.068230056185     0.0679264823702     0.0677003272527     0.0675873190303     0.0675911955103      0.067686244164     0.0678100304965     0.0679219191816     0.0679583892489
   0.00451976086236     0.0686908714981     0.0683750668535     0.0680599362235     0.0677933590541     0.0676318545676     0.0675924257203     0.0676504540114     0.0677580399884     0.0678737265545     0.0679234513464
   0.00454899517499     0.0688284411065     0.0685331994822     0.0681928029053     0.0678825838329     0.0676763664653     0.0675909398051     0.0676097708178     0.0676936639045     0.0678078153671     0.0678748951714
   0.00457825713932     0.0689489436001      0.068651782007     0.0683062725738     0.0679640880869     0.0677160003753     0.0675814458188     0.0675652618788     0.0676262038917     0.0677321492102     0.0678097704206
   0.00460752982826      0.069009788104     0.0687344649661     0.0683898299033     0.0680185320951     0.0677413101841     0.0675684458449     0.0675116637727     0.0675484012663     0.0676486950323     0.0677367255398
   0.00463668014991     0.0690936975453     0.0688282859632     0.0684720217888     0.0680786619005     0.0677607359868     0.0675488278257     0.0674535306262     0.0674689826571     0.0675595684458     0.0676547527313
   0.00466558946555     0.0690905177176     0.0688454894712     0.0685068857094     0.0681225930165     0.0677704764288     0.0675308107394     0.0673962443842     0.0673868652304     0.0674710841542     0.0675713765062
   0.00469438070325     0.0690829672997     0.0688607944566     0.0685322589929     0.0681460802325     0.0677634537986      0.067498346826     0.0673320529806     0.0673011044076     0.0673750191992     0.0674860857122
    0.0047230113385     0.0690405655536      0.068844559318      0.068538404304     0.0681602856845     0.0677648962083     0.0674642665291     0.0672688161315     0.0672102194356     0.0672704732409     0.0673894409576
   0.00475149878422      0.068965125633     0.0687923165377     0.0685165780555     0.0681514145199     0.0677587464173     0.0674356969301     0.0672155688797     0.0671250065126      0.067165043333     0.0672889457892
   0.00477987500685     0.0688763632013     0.0687302807862      0.068483790434     0.0681311705771     0.0677460805407     0.0674014359609     0.0671586035421      0.067044221438     0.0670674877444     0.0671936030305
   0.00480816820586     0.0687403011492     0.0686266683724     0.0684127040612     0.0680838127647     0.0677177537545     0.0673704138092     0.0671061163284     0.0669656489085     0.0669715930033     0.0670973835468
   0.00483638293863     0.0685857779969      0.068525726764     0.0683400167901     0.0680342826807     0.0676800604549     0.0673333927831     0.0670541163191     0.0668976384657     0.0668828400909     0.0669993391415
   0.00486454249403     0.0684214643666     0.0683955344783     0.0682385147215     0.0679747153964     0.0676436536877     0.0673053110182     0.0670120097622     0.0668351230519     0.0668016047224     0.0669118023246
     0.004892665493     0.0682200618147     0.0682332428679     0.0681260090913      0.067892149681      0.067592733847     0.0672713625425     0.0669800171422     0.0667858934538     0.0667314648247     0.0668286908203
   0.00492076804631     0.0680213622786     0.0680666527912     0.0679859003329     0.0678007707277      0.067535156256     0.0672326423639     0.0669491377629     0.0667444268871     0.0666750239078     0.0667556886073
   0.00494888264473     0.0678077938229     0.0678820177946     0.0678565748411     0.0677127074526     0.0674755558304     0.0672008827771     0.0669253247579     0.0667145370509     0.0666276743502     0.0666950065331
   0.00497703313668     0.0675839402947     0.0676933903309     0.0677002653834     0.0676060257513     0.0674220390963     0.0671743889585     0.0669115789696      0.066695483889     0.0665962622959     0.0666444256479
   0.00500524553061     0.0673611639627     0.0675068743703     0.0675547975714     0.0674999468627     0.0673552161907      0.067147885943     0.0669076878163     0.0666935785281     0.0665810590539     0.0666085405884
   0.00503354282267      0.067115896545     0.0672853717313     0.0673955303305     0.0673844007332     0.0672900507734      0.067114401939     0.0668975241847     0.0666964854202     0.0665808984392     0.0665896437122
   0.00506195061262     0.0669177656504      0.067119016785     0.0672338924163     0.0672715212871     0.0672238661606     0.0670859380694     0.0668984101401     0.0667050603992     0.0665810597632     0.0665766367131
   0.00509045103539     0.0667068291458     0.0669140598324     0.0670789975811     0.0671642778742     0.0671558021789     0.0670592537674      0.066905285796      0.066730467013     0.0665990024079     0.0665743794637
    0.0051190645387     0.0664875838601     0.0667295834769     0.0669250644553     0.0670477765913     0.0670911662648     0.0670329601071     0.0669109966238     0.0667579901684     0.0666268255668      0.066591178557
   0.00514778029128     0.0663025994109     0.0665364431208     0.0667624674724     0.0669305539596     0.0670163590303     0.0670053121037     0.0669222690049     0.0667925910344     0.0666658710525     0.0666158209164
   0.00517656492654     0.0661120214967     0.0663719528994      0.066630352277     0.0668275269941     0.0669536271389     0.0669871713313     0.0669399043866     0.0668347800736     0.0667209248315      0.066655704882
   0.00520540562646     0.0659637425135     0.0662102426048     0.0664813636886     0.0667261233369     0.0668975812298     0.0669719911281     0.0669640377447     0.0668853055347     0.0667840144466     0.0667066070528
   0.00523425909087     0.0658124650308     0.0660797785003     0.0663720465948     0.0666378971058     0.0668447399004     0.0669618987139     0.0669954113157     0.0669382680532     0.0668504635128     0.0667642736836
   0.00526323594751     0.0657141378019     0.0659722480848     0.0662761007658     0.0665698081749     0.0668072635469     0.0669558036341     0.0670266148177     0.0669958104159     0.0669188006433     0.0668287794979
   0.00529227190324     0.0656470375071     0.0658900177373      0.066198965293     0.0665105738816     0.0667829059955      0.066964292464     0.0670606839663     0.0670549526935     0.0669903730097     0.0668971442505
    0.0053212123362     0.0655888238775     0.0658310558277     0.0661358101877     0.0664738058265     0.0667617879675     0.0669711010461     0.0671014220135     0.0671236855743     0.0670664736204     0.0669699275719
   0.00535006399051     0.0655728393093     0.0657906622423     0.0660915410006     0.0664380851117     0.0667509219692     0.0669881419063     0.0671386610285     0.0671868187711     0.0671474723163      0.067050239502
   0.00537903381712      0.065549176546     0.0657791030451     0.0660699046562     0.0664125934155     0.0667423039125     0.0669988160951      0.067179279093     0.0672513818604     0.0672264617998     0.0671300546401
   0.00540811678839      0.065587982113     0.0657936197325     0.0660724180583     0.0664115451578     0.0667451340358     0.0670161389084     0.0672167505312     0.0673157055017     0.0673072033337     0.0672107229129
   0.00543723796195     0.0656739016599     0.0658308915763     0.0660851224154     0.0664185830486     0.0667582603624     0.0670450822338     0.0672659215898     0.0673789715071     0.0673819382316     0.0672936126226
   0.00546639707543     0.0657569818508     0.0658870498101     0.0661281734007     0.0664426645949     0.0667744180514     0.0670748474643     0.0673084475554     0.0674415231899     0.0674589989733     0.0673713876314
   0.00549551218389     0.0658659461322     0.0659637820551     0.0661839055625     0.0664800186236     0.0668145331281     0.0671159788259     0.0673544648746     0.0675026933003     0.0675314101794     0.0674489036275
   0.00552464873992     0.0660280106914      0.066085291936      0.066259397707     0.0665382671722      0.066855681521     0.0671522819421     0.0674036576685     0.0675640052285     0.0676037267502     0.0675240346695
   0.00555382645893      0.066191280624       0.06620389726     0.0663529126406     0.0665973198267     0.0668969180581     0.0671954270293     0.0674525188905     0.0676199868275     0.0676715447501     0.0675946821855
   0.00558296322322     0.0663605931359     0.0663501860526     0.0664630433281     0.0666728838953     0.0669501337265      0.067233533383      0.067498374028      0.067673506971     0.0677286106716     0.0676570255901
   0.00561226311725     0.0665555747959     0.0665035206947      0.066572537443     0.0667554088102     0.0670094272849     0.0672782067705       0.06754140946     0.0677158337152     0.0677797188955     0.0677165528469
   0.00564150684352     0.0667795496463      0.066690193149     0.0667103619382     0.0668485577348     0.0670712655863     0.0673213306163      0.067577423422     0.0677557261132      0.067824796596     0.0677713059966
   0.00567088066816     0.0669725172474      0.066866171982     0.0668528658854     0.0669487639315     0.0671404390689     0.0673668918616     0.0676071335885     0.0677852496446     0.0678624293948     0.0678181247187
   0.00570026275908     0.0672021221659     0.0670456455201     0.0669908526394     0.0670489630228     0.0672039482821     0.0674071042337     0.0676321344608     0.0678045142638     0.0678854743472     0.0678547058105
   0.00572955617929     0.0674274660086     0.0672530646433     0.0671568324978     0.0671597888054     0.0672742849756     0.0674463797376     0.0676492688642      0.067814057896     0.0679018051039     0.0678829820089
   0.00575877684436     0.0676277006918      0.067438632166     0.0672992688651     0.0672618460051     0.0673355317861     0.0674766066619     0.0676614584213     0.0678210450528     0.0679068267292     0.0679003183256
   0.00578807427106     0.0678569412373     0.0676239558709     0.0674444736211      0.067365915864     0.0673973942781     0.0674989870225     0.0676575303898     0.0678158527676      0.067903496267     0.0679050565563
   0.00581741347369      0.068037568305     0.0678043540029     0.0675960711513     0.0674684473189     0.0674525912964     0.0675233620789     0.0676519390424     0.0677992492767     0.0678845711339     0.0678981596143
   0.00584672285196      0.068242589748     0.0679791301559     0.0677325246836     0.0675684470151     0.0675068262199     0.0675391791103     0.0676372237654     0.0677761640518       0.06786261408     0.0678824845848
   0.00587604973654     0.0683939380349     0.0681339889494     0.0678688668916     0.0676597731852     0.0675461105639     0.0675460614668     0.0676160840071     0.0677395155623     0.0678291841873     0.0678596023663
   0.00590528789026     0.0685247340545      0.068259759867     0.0679847082072     0.0677509967282     0.0675945568588     0.0675493376839     0.0675875894073     0.0676908658856     0.0677820082803      0.067823394025
   0.00593436162434     0.0686375293551     0.0683770565803     0.0680882492364     0.0678250036043      0.067630020153      0.067550431238     0.0675577855183     0.0676340784316     0.0677220851274     0.0677764764265
   0.00596350233235     0.0687630564527     0.0684955543138     0.0681831740304     0.0678963324661     0.0676614577739     0.0675391981568     0.0675178031737     0.0675749170329     0.0676583768438     0.0677241985139
   0.00599270963341     0.0688038423307     0.0685587423851     0.0682630827647     0.0679622759166      0.067689049377     0.0675261672022     0.0674685028861     0.0675025015345     0.0675852503939     0.0676663474821
   0.00602179679714     0.0688530562312     0.0686244994257     0.0683096720068     0.0679934779691     0.0677033577912     0.0675120921109     0.0674198168517     0.0674278188055     0.0675028038549     0.0675932018431
   0.00605071418657     0.0688577921304     0.0686526212221     0.0683532863873     0.0680288578846     0.0677068378092     0.0674838093075     0.0673641321636     0.0673510635636      0.067416290013     0.0675141090975
   0.00607947859667     0.0688589297385     0.0686585936207      0.068370911085     0.0680459739768      0.067715985735     0.0674662525034     0.0673122748886     0.0672717210922     0.0673267627821     0.0674314194496
   0.00610810161206     0.0687998636713     0.0686354482198     0.0683716451545     0.0680502758903     0.0677106783779     0.0674398123824     0.0672666743952     0.0672006418139     0.0672410624647     0.0673484534365
   0.00613660319024     0.0687340580988     0.0685938948444     0.0683413574148     0.0680341937996     0.0676981623962     0.0674100380579      0.067209428127     0.0671237247327     0.0671539592712     0.0672603830172
   0.00616504492772     0.0686490536862     0.0685290952526     0.0683075167687     0.0680104173161     0.0676732467036     0.0673791160565     0.0671633489054     0.0670555383256     0.0670627028236     0.0671655752145
   0.00619345987864       0.06852145911     0.0684509443033     0.0682523635376      0.067976198211      0.067649876517     0.0673503091697     0.0671144616102     0.0669933450273      0.066987313491     0.0670846243083
   0.00622180300715     0.0683806553989     0.0683348636319     0.0681748290773     0.0679291312595     0.0676217709396     0.0673230722979     0.0670736496483     0.0669324643296     0.0669126882134     0.0670056375358
   0.00625009182951     0.0682554926082     0.0682108495486     0.0680824993285     0.0678680520515     0.0675845220851     0.0672928360944     0.0670344948538     0.0668836556727     0.0668486309053     0.0669265671744
   0.00627835864599     0.0680764347557     0.0680891957227     0.0679920798468     0.0678014807942     0.0675396463991     0.0672681939291     0.0670061947757     0.0668368881662     0.0667900541096     0.0668648830056
   0.00630661963833     0.0678954587893     0.0679332119884     0.0678776033669      0.067727308753     0.0675018825109     0.0672423521002     0.0669809949949     0.0668023639092     0.0667436453728      0.066804350052
   0.00633488652239     0.0676699310542     0.0677666123649     0.0677508936112     0.0676299129084       0.06744590462     0.0672166213101     0.0669642394859     0.0667743115855     0.0667057335761     0.0667541031767
   0.00636317538216     0.0675236584341     0.0676045373013     0.0676166367851     0.0675419458056     0.0673842431907     0.0671850993395     0.0669503297659     0.0667582259523     0.0666747659815     0.0667155965215
   0.00639151863169     0.0673197990253      0.067436810764     0.0674892168147     0.0674512516779     0.0673268128801     0.0671608511577     0.0669430343152     0.0667499919292      0.066661439267     0.0666856561143
   0.00641992917142     0.0670974864978     0.0672549347107     0.0673499922178     0.0673510517731      0.067262434495     0.0671309290497     0.0669433218575     0.0667583693853      0.066655284641     0.0666664832952
   0.00644841741808     0.0669083438227     0.0670823001396     0.0671994940025     0.0672437341932     0.0672039823616     0.0671021101946     0.0669456235214     0.0667698546386     0.0666578732056     0.0666576366842
    0.0064770035686     0.0667250884628     0.0669160772292     0.0670622228803     0.0671401549244     0.0671419086354     0.0670791444825      0.066950267349     0.0667882723219     0.0666722108324     0.0666611476772
    0.0065057026183     0.0665485797139     0.0667435412341     0.0669309421993     0.0670508812824     0.0670858721386     0.0670575113172     0.0669531382978     0.0668181816902     0.0667003003743     0.0666760022771
   0.00653449735516     0.0663770276853     0.0666055733929     0.0668013889318     0.0669581014103     0.0670344958029     0.0670420692689     0.0669635736624     0.0668512656565     0.0667370578446     0.0666965579842
   0.00656338068292     0.0662354668177     0.0664406167048     0.0666792726276      0.066873473112     0.0669771482773     0.0670238142284     0.0669848233989     0.0668925972495     0.0667833452464     0.0667288443649
   0.00659236922291     0.0660978732784     0.0663215843471     0.0665680513329     0.0667852235271     0.0669307799614     0.0670124767726     0.0670039143081     0.0669308995179     0.0668387517422     0.0667757537309
   0.00662136732551     0.0659821552048     0.0661979395369      0.066470783599     0.0667166376618     0.0668935511768     0.0670060795006     0.0670297971131     0.0669750193162     0.0668966393564     0.0668267329503
   0.00665031091916     0.0658986407488     0.0661090850262     0.0663756699281     0.0666439040444     0.0668585301012     0.0669991728517     0.0670568956975     0.0670267951667     0.0669580220761     0.0668859541237
   0.00667930954046     0.0658258465587     0.0660453811361     0.0663140118777      0.066595538088     0.0668316147369     0.0669970215171     0.0670868696011     0.0670799766158     0.0670216785328     0.0669513209054
   0.00670839570576     0.0657814490233     0.0659921432348     0.0662592828264     0.0665551049458     0.0668197902764     0.0670091749307     0.0671229537326     0.0671401953653      0.067090734013     0.0670167852031
   0.00673742748868     0.0657630526712     0.0659655302392     0.0662310968055     0.0665298535633     0.0668132931246      0.067023241928     0.0671600009778      0.067203543258     0.0671643956142      0.067088167659
   0.00676641317198     0.0657931112899     0.0659627513828     0.0662142562654     0.0665181019418     0.0668094385344     0.0670353640757     0.0671955816217     0.0672613756609     0.0672379520033     0.0671605329351
   0.00679543244479     0.0658137311511     0.0659693457901     0.0662164826249     0.0665148881639     0.0668118259762     0.0670548346975     0.0672308017919      0.067315111918      0.067307366715     0.0672294261935
   0.00682459761087     0.0658900198035      0.066007178787     0.0662386788775     0.0665244687955     0.0668227620829     0.0670813374818     0.0672762538766     0.0673747656849     0.0673741630277       0.06729985212
   0.00685369000304     0.0659687951104     0.0660797187727        0.0662776563     0.0665496911444     0.0668455661614      0.067108932376     0.0673152538979     0.0674323784108     0.0674468529608     0.0673736923422
   0.00688292659895      0.066053500139     0.0661397728958     0.0663278555376     0.0665860579577      0.066871344087     0.0671390518323     0.0673565194349     0.0674861888265     0.0675092203034     0.0674410747966
   0.00691217631492     0.0661948716499      0.066239309614     0.0663973647705     0.0666321979465     0.0669110252476     0.0671716753431     0.0673993175224     0.0675404967684     0.0675702480712     0.0675038942009
   0.00694146675741     0.0663654241136     0.0663672624184     0.0664853464521     0.0666918790305     0.0669533090775      0.067210463847     0.0674407974873     0.0675851017097     0.0676259993658     0.0675679129155
   0.00697066946084     0.0665205858034     0.0665013685999     0.0665860211697     0.0667574568971     0.0670024735841     0.0672517799828     0.0674807084368     0.0676294257452     0.0676761204104     0.0676218430175
   0.00699996054761     0.0666760507805     0.0666303692124     0.0666897492256     0.0668324346066     0.0670465034382     0.0672825220643      0.067514141501     0.0676652826174     0.0677217692942     0.0676753165274
   0.00702917340723     0.0668686370187     0.0667949559311     0.0668098346251     0.0669181534499     0.0671071088441     0.0673196969803     0.0675383740862     0.0676905942878     0.0677586323006     0.0677202803983
   0.00705845133826     0.0670505561907     0.0669547150194     0.0669400770569     0.0670163930026     0.0671682894544     0.0673549513694     0.0675677697745     0.0677183331571     0.0677897603162     0.0677561939089
   0.00708762774896      0.067242801915     0.0671258871134     0.0670545288556     0.0670922487006     0.0672230936832     0.0673853062912     0.0675822721196     0.0677369568136      0.067815692982     0.0677884650519
   0.00711677623202     0.0674509716426     0.0672923880804     0.0671889070419     0.0671915338289     0.0672770463164     0.0674152963136     0.0675926033406     0.0677409857676     0.0678262820533     0.0678095456086
   0.00714607650997     0.0676306319276     0.0674437509719     0.0673223318458     0.0672877493395     0.0673422945189     0.0674535063193     0.0675991107084     0.0677435955497     0.0678287410487     0.0678187137718
   0.00717540446816     0.0678043303968     0.0676083894707     0.0674502218017     0.0673703890937     0.0673868723763     0.0674778261748     0.0676056551464     0.0677343157839     0.0678202711392     0.0678238708332
   0.00720456590243     0.0679859922224     0.0677712548012     0.0675899615374     0.0674663901096     0.0674344783398     0.0674915183491      0.067593873189     0.0677157381547     0.0678047078445     0.0678137312179
   0.00723368332616     0.0681235335082     0.0679086774587     0.0676997505184     0.0675524691425     0.0674804079234     0.0674982421371     0.0675797115105     0.0676872881628      0.067775362075     0.0677958142296
    0.0072628752148     0.0682680566925     0.0680472815858     0.0678112712777     0.0676326114377     0.0675216431196     0.0675041064262     0.0675589015586     0.0676510340681     0.0677384080547     0.0677699360343
   0.00729213385512      0.068404101396     0.0681746311954     0.0679156404398     0.0677101814733     0.0675630414246     0.0675053807778     0.0675346582855     0.0676116649369     0.0676956724501      0.067735570406
   0.00732133633818     0.0685000984566     0.0682779477151      0.068004578447     0.0677704704833     0.0675939883213     0.0675071182298     0.0675065815799     0.0675651469816     0.0676437777305     0.0676931789759
   0.00735051305947     0.0685779309519     0.0683599899385     0.0680793040066     0.0678264069112     0.0676177046087     0.0674961139018     0.0674688895798     0.0675110038502     0.0675833484304     0.0676471766328
   0.00737968743836     0.0686166974968     0.0684129780429     0.0681381602078     0.0678715129358     0.0676402451002     0.0674878883312     0.0674255315938     0.0674445819864     0.0675160497681     0.0675941971251
   0.00740874693947     0.0686455036209     0.0684528037077     0.0681878029329     0.0679046493346     0.0676522755463     0.0674750308537     0.0673829274634     0.0673826471262      0.067444279344     0.0675295674678
   0.00743778097792     0.0686704441322     0.0684810459575     0.0682199179692       0.06792632448     0.0676571216045      0.067455423567     0.0673342136966     0.0673167824972     0.0673701188325     0.0674617737232
   0.00746669317615     0.0686261206556     0.0684813330432     0.0682288160257     0.0679376791406     0.0676554272447     0.0674343751012     0.0672883511363     0.0672472084517     0.0672888423539     0.0673886289798
   0.00749548163546      0.068576419981     0.0684481904909      0.068217716267     0.0679344084749     0.0676488750668     0.0674132737986     0.0672473185883     0.0671859507023     0.0672151159511     0.0673187446042
   0.00752416029606      0.068535261331      0.068416903773     0.0682049334366     0.0679207246141     0.0676386410927     0.0673889950076     0.0672070283287     0.0671254442461       0.06714377009     0.0672486129264
   0.00755274667815     0.0684571374871     0.0683647473033     0.0681751540406     0.0679090291779     0.0676262311366     0.0673617539562     0.0671699420188     0.0670684609945     0.0670699726715     0.0671681679254
   0.00758125775818     0.0683354803473     0.0682623169581     0.0681099633773      0.067874622761     0.0676003513158     0.0673373549896     0.0671336381508     0.0670122899466     0.0669996237039     0.0670920306082
   0.00760971906099     0.0682130567773     0.0681761333919     0.0680388432582     0.0678229662067     0.0675610828651     0.0673067418644     0.0670952373244     0.0669613682254     0.0669353224489     0.0670194592639
   0.00763814233269     0.0680803181427     0.0680683223368     0.0679663256783       0.06777517379     0.0675286758986     0.0672827404837     0.0670594423977     0.0669165738589      0.066879498316     0.0669497997112
   0.00766655142652     0.0679182605724     0.0679467566218     0.0678681703282     0.0677154295242     0.0674984670368     0.0672642039902     0.0670384131166     0.0668842915725     0.0668314431493     0.0668954626032
   0.00769497238936     0.0677678348222     0.0678108149406     0.0677673367377     0.0676417022606     0.0674464295675     0.0672324443977     0.0670159472795     0.0668581688768     0.0667977821001     0.0668499540883
    0.0077234107782     0.0675793397346     0.0676644142122     0.0676556118495     0.0675619046689     0.0673970702551     0.0672015123677     0.0669981369136     0.0668386599749     0.0667664579414     0.0668072031699
   0.00775188524376     0.0674145288298       0.06751517553     0.0675359729303     0.0674806789268     0.0673480624865      0.067175904396     0.0669921795076     0.0668329170013     0.0667445326581      0.066773064204
   0.00778040433098     0.0672451106353     0.0673654110861     0.0674153292609      0.067388947566     0.0672968938675     0.0671559212784     0.0669858307669     0.0668299682068     0.0667345098796     0.0667482205056
    0.0078089756008     0.0670905796063     0.0672234127664     0.0673062029838     0.0673104402761     0.0672452965791      0.067126945011     0.0669740332671     0.0668333119334     0.0667326840228     0.0667322061895
   0.00783760367947     0.0668865174611     0.0670536092332     0.0671729170923     0.0672228419376     0.0671989699335     0.0671052648591     0.0669715208125     0.0668414058159     0.0667395943015     0.0667255790873
   0.00786630383243     0.0667259557046     0.0669136719294     0.0670445350217     0.0671268419099     0.0671380958524     0.0670818491265     0.0669795525146     0.0668598737665     0.0667596024844     0.0667325177394
    0.0078950913591      0.066589524092     0.0667581838917     0.0669306592746     0.0670435646624     0.0670849707051     0.0670583689491     0.0669813177071     0.0668794559188     0.0667860742524     0.0667474874423
   0.00792396102196     0.0664413231042     0.0666422186276     0.0668335052562     0.0669635833212     0.0670460874344     0.0670489688187     0.0669943850659     0.0669040382335     0.0668132268948     0.0667691561921
   0.00795292649007     0.0663066226965      0.066502561319     0.0667114144083     0.0668894040567     0.0670011123672     0.0670443993436     0.0670191292166     0.0669444409444     0.0668549690448     0.0668051146682
   0.00798190812297     0.0662209188095     0.0664045256683     0.0666159189737     0.0668100535653     0.0669582325611     0.0670328938618     0.0670335349156     0.0669870601624     0.0669088321034      0.066852572015
   0.00801087161649     0.0661317710716     0.0663250007204     0.0665516707372        0.0667653169     0.0669299426515     0.0670250581791     0.0670577634935     0.0670267198687     0.0669546685959     0.0668961849531
   0.00803989934635     0.0660244800832      0.066237580067     0.0664731580671     0.0667126708205     0.0669035593743     0.0670330398948     0.0670895050709     0.0670720446732     0.0670075099782      0.066938405613
   0.00806898886373     0.0659767209962     0.0661740128976     0.0664135558441     0.0666597630978     0.0668705268262     0.0670291163128     0.0671146469451     0.0671206341134     0.0670696015547     0.0669967364655
   0.00809803008058     0.0659739018162     0.0661496076095     0.0663772412733     0.0666335351553      0.066863551093     0.0670396722598     0.0671421834596      0.067165656808     0.0671319455571     0.0670539979379
   0.00812702615963     0.0659560773271     0.0661224237076     0.0663538879743     0.0666186824016     0.0668646075735     0.0670560847169      0.067179570117     0.0672243350465     0.0671961809904     0.0671089095275
   0.00815600051104     0.0659738540438     0.0661207266771     0.0663406762851     0.0666086292652     0.0668623589545     0.0670690672615     0.0672172627323     0.0672782647136     0.0672588930906     0.0671768187999
   0.00818510159471     0.0659997416779     0.0661370563765     0.0663536077021     0.0666084148505     0.0668716610626     0.0670888808896     0.0672497267407     0.0673268237555     0.0673214975246     0.0672417456211
   0.00821421548704     0.0660708963737     0.0661876845485      0.066376520651     0.0666237705937     0.0668893265928     0.0671124869865     0.0672875397779     0.0673791077742     0.0673798089777     0.0673042004782
   0.00824341378681     0.0661572639488     0.0662465008891     0.0664193336337     0.0666492185204     0.0669077011967     0.0671355993582     0.0673224203722     0.0674289902549     0.0674397632561     0.0673692415946
   0.00827250959063     0.0662743633936     0.0663106468146     0.0664652813335     0.0666911445499     0.0669447543146     0.0671651440455     0.0673540598861     0.0674722997144     0.0674956551375     0.0674319432708
   0.00830171228845      0.066345484247     0.0664068317092      0.066532136141     0.0667250037418     0.0669661047457     0.0671954332291     0.0673893870083     0.0675145624548     0.0675463013156     0.0674877652743
   0.00833099490467     0.0665072005046     0.0665071951587     0.0666045814815     0.0667830442878     0.0670080070063     0.0672258208574     0.0674193697196     0.0675554964403     0.0675936545356     0.0675386815637
   0.00836026034184     0.0666526109553     0.0666353760356     0.0667004797708     0.0668396655803     0.0670494567161     0.0672633297078        0.0674533082     0.0675896655114      0.067638584975     0.0675925196971
   0.00838950590081     0.0668161408416     0.0667672351685     0.0667941254831     0.0669131797283     0.0670924373437     0.0672913270731     0.0674814110759     0.0676220263353     0.0676784944156     0.0676370082268
   0.00841866865309      0.066944644556      0.066881270599     0.0668936643835     0.0669832656726     0.0671393611086     0.0673240715573     0.0675009401508     0.0676458021225     0.0677087951547     0.0676697293319
   0.00844776372911     0.0671350566632     0.0670326238878     0.0670053503172     0.0670565382934     0.0671862113866     0.0673538490351     0.0675248669838      0.067664361551     0.0677272234845     0.0676986943669
   0.00847691111503     0.0673064029062      0.067180055044     0.0671215511846     0.0671511531465     0.0672454482333     0.0673847051715      0.067537339453     0.0676755906227      0.067746903068      0.067724761295
    0.0085059896034     0.0674830115512     0.0673228516286      0.067235403973     0.0672290066547      0.067295975762     0.0674119980478     0.0675504950141     0.0676792899368     0.0677532370777     0.0677387702314
   0.00853508890469     0.0676364014069     0.0674664652884     0.0673468407849      0.067301103361     0.0673347326392     0.0674243310646     0.0675557076694     0.0676801420027     0.0677527754999     0.0677436108089
   0.00856424706869     0.0677838308362     0.0676036992651     0.0674687141784     0.0673850007717     0.0673795318825     0.0674423003644     0.0675528206727     0.0676682141414     0.0677479381634     0.0677513556675
   0.00859341549755     0.0679218023912     0.0677397210578     0.0675777274641      0.067465692179     0.0674307794588     0.0674622023815     0.0675440485946     0.0676538553574     0.0677326854729     0.0677411346273
   0.00862245511189     0.0680558104798     0.0678602218353     0.0676855225805     0.0675351169843     0.0674633681811     0.0674723688916     0.0675347791779     0.0676298248965     0.0677017449164     0.0677220971283
   0.00865148908989     0.0681781312477     0.0679759260771     0.0677696259431     0.0675897432162     0.0674985605909     0.0674736814859     0.0675127268224     0.0675946981181     0.0676676654227     0.0677022767169
     0.008680457714     0.0682706036644     0.0680788538713     0.0678669355208     0.0676653097016      0.067531345547     0.0674738595437     0.0674892612183     0.0675528380277      0.067628085484     0.0676721108719
   0.00870954875632     0.0683661785707     0.0681584532393     0.0679299623507     0.0677118763262     0.0675576725825     0.0674738337568     0.0674642889107     0.0675109120594     0.0675793728175     0.0676291136139
   0.00873865957801     0.0684306515925     0.0682292463781      0.068002081118     0.0677624814356     0.0675689103093      0.067461639724     0.0674325838935     0.0674583020271     0.0675203882849      0.067580458617
   0.00876782457539     0.0684543063332     0.0682807737467     0.0680419037659     0.0678009673525     0.0675925651223     0.0674567757142     0.0673933053421     0.0674018770632     0.0674573244235      0.067523559094
   0.00879698106817     0.0684814977464     0.0683142564922      0.068076649243      0.067827234362     0.0676006853111     0.0674436279631     0.0673575765709     0.0673487670187     0.0673933501863      0.067465296948
    0.0088260618325     0.0684827712807     0.0683333353809     0.0681062898935     0.0678489667292     0.0676065551815     0.0674242260619     0.0673160452381     0.0672894387971     0.0673291469394     0.0674037858151
   0.00885502879749      0.068461181494     0.0683155618123     0.0681020564099     0.0678562472639     0.0676076185194     0.0674098310043     0.0672776995957      0.067233301015     0.0672654819027     0.0673409762076
   0.00888389701548     0.0684071790502     0.0682924114984     0.0680979369763      0.067846737422     0.0675928151022     0.0673894775656     0.0672400778324     0.0671789848801     0.0672015600161     0.0672794190184
   0.00891267762101     0.0683577994975     0.0682534652304     0.0680713047444     0.0678359772321     0.0675812837368     0.0673652808397     0.0671993521769     0.0671252115186     0.0671371579957     0.0672128937899
   0.00894137963737     0.0682510459455     0.0681833555637     0.0680286368849     0.0678127782039      0.067565242299     0.0673459477234     0.0671635771435     0.0670708196775     0.0670712843768     0.0671473354434
   0.00897001308611     0.0681578476906     0.0681091739251     0.0679694343135     0.0677800090155     0.0675439074655     0.0673194804534     0.0671315564548     0.0670261419785     0.0670114635593     0.0670823052152
   0.00899858762273     0.0680536186173     0.0680456791838      0.067924650001     0.0677403380641     0.0675144146527     0.0672939753815     0.0671026294204      0.066982942551     0.0669598376945     0.0670239670067
   0.00902711791948     0.0679471722197     0.0679425577304     0.0678500921569     0.0676936336917      0.067492931052     0.0672738683417     0.0670776217993     0.0669501041128     0.0669148674548     0.0669700155414
    0.0090556292943     0.0677916754866     0.0678194375018     0.0677630368229     0.0676320425118     0.0674529598258     0.0672513326161      0.067058322651     0.0669243259984     0.0668768527107     0.0669235468976
   0.00908413685325     0.0676436650514       0.06770352075     0.0676755158288     0.0675666473011     0.0674084290884     0.0672241477728     0.0670372139403     0.0669031821725     0.0668436900028     0.0668804334608
    0.0091126567468     0.0675080108618     0.0675818795606     0.0675771289771     0.0675013490363     0.0673689886604     0.0672017253026     0.0670227917317     0.0668842790731     0.0668173099519     0.0668471106508
   0.00914121028521     0.0673650001176     0.0674363669312     0.0674716918213     0.0674245121361      0.067321199429     0.0671780536238     0.0670162383077     0.0668758173165      0.066804003214     0.0668251536477
    0.0091698146576     0.0671867303131     0.0672899424847     0.0673564426675     0.0673467461508     0.0672774799003     0.0671528828516     0.0670071034074     0.0668705000173     0.0667993714796     0.0668079552659
   0.00919848678303     0.0670325659039     0.0671622964076     0.0672444030501     0.0672700234795     0.0672276628949     0.0671334664362     0.0670127626319     0.0668763286581     0.0667959289337     0.0667933469116
   0.00922724547931     0.0669065301069     0.0670445010489     0.0671425322812     0.0671932162612     0.0671776800833     0.0671112212723     0.0670154275098     0.0668888662637     0.0668061070873     0.0667941600689
   0.00925606126415     0.0667601716052     0.0669101648305      0.067034163035     0.0671294213358      0.067141747136     0.0670983818386     0.0670203031876      0.066902500493     0.0668219656257     0.0668032626225
   0.00928495228522     0.0666138568152     0.0667790711671     0.0669260627873     0.0670465196172     0.0670967799533      0.067088459196     0.0670315500174     0.0669296473152     0.0668476883433     0.0668144776773
   0.00931392784138     0.0665075658051     0.0666673976395     0.0668450726177     0.0669801047952     0.0670569617128     0.0670743048747     0.0670420680516     0.0669585494438      0.066880352712     0.0668393853146
   0.00934287469031     0.0664028178785     0.0665809987344     0.0667652584443     0.0669165334252     0.0670249720852     0.0670709189883      0.067058867881      0.066990026329      0.066919391357     0.0668685574382
   0.00937181388839     0.0662926054683     0.0664841104738     0.0666782278175     0.0668494711662     0.0669886847319     0.0670640051523     0.0670765105343     0.0670287490158     0.0669640678833     0.0669060168386
   0.00940072671703     0.0662269651778     0.0664075763421     0.0666028576895     0.0667955814599     0.0669566421149     0.0670561563689     0.0670956641051     0.0670650943409        0.0670082627     0.0669481595077
   0.00942958517806     0.0661705923155     0.0663485671225     0.0665561363816     0.0667589541817     0.0669357690382     0.0670598668761      0.067117087097     0.0671038976264     0.0670541504584     0.0669886436277
   0.00945855460925     0.0661545782505     0.0662949827669     0.0665066676497      0.066728634941     0.0669277705236     0.0670700163617     0.0671462047255     0.0671505596172     0.0671047708935     0.0670364484148
   0.00948761629497     0.0661141821012     0.0662686435408     0.0664740946073      0.066697680536     0.0669088958265      0.067076458473     0.0671759937924     0.0671981618657     0.0671625237359     0.0670912388924
   0.00951664687457     0.0661229825221     0.0662606635134     0.0664636683914     0.0666920566208      0.066904452135      0.067078721482     0.0671958713702      0.067241616235     0.0672187178848     0.0671446274739
   0.00954571973835     0.0661415815958     0.0662610418108     0.0664590223781     0.0666852954152      0.066916127348     0.0671015529246     0.0672280557159     0.0672836365509     0.0672720288345     0.0672007143039
   0.00957487386882     0.0661739596588     0.0662830472402     0.0664706835202     0.0666879841496     0.0669169818918     0.0671131789675     0.0672613714434     0.0673352985916      0.067329984305     0.0672576399246
   0.00960407073346     0.0662394227292     0.0663167839852     0.0664804459368     0.0666969310099     0.0669304799002     0.0671294551768      0.067285188911     0.0673759853654     0.0673847282455     0.0673133195123
   0.00963320686282     0.0663111751001     0.0663863396265     0.0665332550418     0.0667330950715      0.066955667077     0.0671563080722     0.0673214655517     0.0674183481694     0.0674307143709     0.0673682102972
   0.00966226499794     0.0664093502294     0.0664526178282     0.0665735348537     0.0667702395974     0.0669923452687     0.0671872953367     0.0673547535509     0.0674601939029     0.0674844983803     0.0674241482689
   0.00969138786573      0.066515573042     0.0665473055798     0.0666365025883     0.0668087392616      0.067017877699     0.0672134967865     0.0673863199821     0.0674994885499     0.0675304467492     0.0674742028478
   0.00972048693446     0.0666476472959     0.0666352615362     0.0667085604488     0.0668679212808     0.0670572499014     0.0672379744341     0.0674111260837     0.0675333538342     0.0675683391449     0.0675186457172
     0.009749616183     0.0667858852773     0.0667481327571       0.06679098773      0.066914685076     0.0670926926979     0.0672716141456     0.0674423513364     0.0675605999137     0.0675998506157     0.0675600948926
   0.00977869044765     0.0668972644522     0.0668538386337      0.066887417264     0.0669760129353     0.0671274365358     0.0672921165779     0.0674582856103     0.0675870327579     0.0676332314642     0.0675965298884
   0.00980774434172     0.0670662289014     0.0669844018789      0.066969338321      0.067038118802     0.0671749805214     0.0673247359572     0.0674754788754     0.0676040516412     0.0676546246648     0.0676255432292
   0.00983695789917     0.0671984562999     0.0671004274014     0.0670761371399     0.0671041892362     0.0672064106155     0.0673502336752     0.0674977082651     0.0676213570207     0.0676709093729     0.0676469113759
   0.00986613589592     0.0673264452232     0.0672216171122     0.0671611779352     0.0671681565416     0.0672469647269     0.0673690817994     0.0675058379886     0.0676271999535     0.0676871756997     0.0676695100187
   0.00989529015891     0.0674704474493     0.0673463170109     0.0672650509213     0.0672419129521     0.0672855850941     0.0673873634857     0.0675136050271     0.0676234364668     0.0676903012929     0.0676817803997
   0.00992450653848     0.0676334071675      0.067487480186     0.0673680383086     0.0673179338745     0.0673352944732      0.067404800229      0.067520156683     0.0676198703879     0.0676839393778     0.0676829244907
   0.00995374817396     0.0677584606677     0.0676120050383     0.0674744126596      0.067397019828      0.067378462647     0.0674246194076     0.0675209198711     0.0676065038923     0.0676690596199     0.0676833399062
   0.00998302106061     0.0678890444127     0.0677286551703      0.067572827037     0.0674647430977     0.0674207850929     0.0674363193758     0.0675096566999     0.0675893004212      0.067649842703     0.0676731381502
    0.0100123308317     0.0679993313219     0.0678314481256     0.0676576081867     0.0675223609094     0.0674495803744     0.0674420552524     0.0674966648795     0.0675677272669     0.0676258995325     0.0676577769345
    0.0100415393579     0.0680771988804     0.0679206982364     0.0677460999084     0.0675763179671     0.0674773897903     0.0674419367234     0.0674732271382     0.0675382950114     0.0675976646658     0.0676371896459
    0.0100706755337      0.068182963362     0.0680091557206     0.0678140705258     0.0676294482373     0.0675085822678     0.0674443211931     0.0674483634121     0.0674986362968      0.067559029788     0.0676057084246
    0.0100997788638     0.0682419204444     0.0680756677307     0.0678729810799     0.0676724257093     0.0675260930613     0.0674439945702     0.0674229524607     0.0674611675824       0.06751889173     0.0675693667134
    0.0101289191632     0.0682960127154     0.0681228707909     0.0679188379524     0.0677132431148     0.0675437880054     0.0674396714223     0.0673941422266     0.0674164259377     0.0674755270269     0.0675336491812
     0.010158033724     0.0683167111097     0.0681655630603     0.0679590739417     0.0677364066566     0.0675533391312     0.0674294874982      0.067358167674     0.0673657261851     0.0674228847205     0.0674849919008
    0.0101871140656     0.0683201197429     0.0681822677396     0.0679840376483     0.0677588421482     0.0675559613679      0.067410908984     0.0673218108196     0.0673120048188     0.0673635424074     0.0674309723613
