# Probe 0 (0.00909091 0.05 0.02)
# Probe 1 (0.01818182 0.05 0.02)
# Probe 2 (0.02727273 0.05 0.02)
# Probe 3 (0.03636364 0.05 0.02)
# Probe 4 (0.04545455 0.05 0.02)
# Probe 5 (0.05454545 0.05 0.02)
# Probe 6 (0.06363636 0.05 0.02)
# Probe 7 (0.07272727 0.05 0.02)
# Probe 8 (0.08181818 0.05 0.02)
# Probe 9 (0.09090909 0.05 0.02)
#             Probe                   0                   1                   2                   3                   4                   5                   6                   7                   8                   9
#              Time
  2.17102420367e-05       290.391068117       290.689381108        290.20574137       289.036571436       287.571356696       286.171655804       285.057387242       284.602905816       284.861653031        285.86182959
  4.49313511324e-05        290.59574921        291.10816049       290.740215117       289.661346029        288.17406243       286.704912967        285.46222175       284.838931602       284.895088693       285.695460368
  6.87889873076e-05        290.81328231       291.521731441       291.294017969       290.288287506       288.806678557        287.28589473       285.911789282        285.11786427       284.957480481       285.549841225
  9.24433643179e-05       290.795747722        291.73076659       291.805731995       290.932068533       289.429452929       287.871692051       286.395469888       285.426510115       285.048499081       285.442055259
  0.000115985187459       291.010969148       292.065871269       292.157903914       291.485743731       290.098729122       288.463781711        286.89083468        285.75745759       285.173752452       285.367989483
  0.000139860088145       291.034677027       292.372664375       292.707895326       292.049832385       290.693908157       289.098021457       287.417505449       286.113539403       285.332962789       285.328252644
   0.00016415586076       291.219533829       292.476582217       292.996386504       292.611079173       291.377697609       289.687628125       287.976538786       286.512548597       285.524144544       285.317176125
  0.000188803013567       291.231445378       292.584753024        293.26949567       293.039456209       291.953662027       290.332573491       288.522384873       286.931178114       285.760371899       285.334126822
  0.000213703833321       291.249750266       292.740192118       293.621161388        293.53730857       292.511570528       290.890926646       289.069561584       287.352674164       286.009710071       285.394588602
  0.000238793112375       291.228705154       292.802561319       293.869719876       294.001093631       293.140122491       291.539680178       289.603195243       287.766423133       286.275208314       285.473831278
  0.000264062727353       291.088337257       292.804736215       293.963650048       294.282000179       293.602151733       292.156794717        290.21664986       288.244103794       286.561348651       285.565953719
  0.000289439194702       291.019034186       292.748387042          294.083473       294.537082891       294.017173188       292.668385823       290.736130472       288.750045833       286.924378191       285.698648756
  0.000314882879974       290.957338928       292.752939041       294.204671737       294.727598984        294.41092738       293.173517921       291.253843623       289.201873787       287.269771374       285.906792274
  0.000340394947013       290.899195408       292.709340807       294.251585556       294.853328911       294.736345337       293.637745039       291.780722102         289.6742094        287.61602339       286.100236876
  0.000365964444433       290.763716939       292.605033058       294.170676795       294.851016609       294.947639676       294.038371795       292.309842014       290.179813123       288.017936619       286.308619858
  0.000391534892186       290.537950091       292.326398856       293.892805757       294.715458089       295.037581754       294.310150628       292.732646184       290.647255204        288.44238311       286.619341225
  0.000417081717913       290.311015219       291.984280357       293.533826333        294.49238927       295.059083104       294.534701333       293.095108044       291.037970853       288.837768183       286.935243739
  0.000442608756378        290.06605453       291.630961663       293.107080693       294.226023673       294.997114169       294.695681827       293.423179151       291.435585112       289.257912725        287.21472069
  0.000468098494245       289.806762771       291.279671451       292.653181223       293.858448046       294.840956031       294.757897067       293.677592771        291.83098488       289.680848862       287.551395876
  0.000493529555197       289.627822507       290.838592928       292.172222648       293.603740971       294.608927957       294.730459246       293.873987309       292.172894512       290.082551384       287.913847841
  0.000518882220633       289.364164121       290.377551392       291.710472668       293.268330282       294.335614681       294.632850766       294.018910956       292.494355013        290.48324438       288.280834651
  0.000544150598002       289.133281424         289.9585917       291.199548685       292.762687176         293.9994276       294.447167531       294.075069201       292.775551826       290.862311523       288.673740045
  0.000569352970121       288.842267139       289.515017834       290.650019645       292.086149048       293.621191872       294.172999674       294.047419525         292.9817402       291.206159036       289.067539327
  0.000594477456061       288.578174052       289.100251911       290.079525464       291.414593405       293.249591856       293.833606352       293.954504374       293.134595038       291.519157133       289.470378635
  0.000619515572853       288.339923373       288.667892252       289.532063489       290.802690152       292.776453431       293.454615857       293.763392358       293.228386354       291.822489415       289.882890241
  0.000644472310557       288.046959712       288.240281165       288.976516446       290.197181113       292.190394016       293.053411833       293.519706796       293.243105464       292.084961659       290.290460088
  0.000669359049035        287.90050408       287.805459104       288.425008591       289.559396183       291.421984289       292.599551497       293.210278794       293.202104758       292.301326589       290.669248047
  0.000694194795293       287.674723985       287.441617142       287.907639005       288.916714749       290.636841051       292.118474546       292.835767568       293.058089906       292.452480871       291.020661863
  0.000718976102697       287.494163878       287.070000604          287.377419       288.269479018       289.875057424       291.597854848       292.449563435       292.841504781       292.509544664       291.328890128
   0.00074370886909       287.340171414       286.720797682       286.876895412       287.627118586       289.112089609       290.989786535       292.042988005       292.568946746       292.521713851        291.59575648
   0.00076842360686       287.208339971       286.462375795        286.41746258       287.026195719       288.384047327       290.289264011       291.542398228       292.240439144       292.477759298       291.826406951
  0.000793132062876       287.039336291       286.197183362       285.963077796        286.45129879       287.678332767       289.483363237       290.931768972       291.858640696       292.375057254       292.002502845
  0.000817853037546       286.964315049       285.937614878       285.564863884       285.911794098       286.993116521       288.631166943       290.289152358       291.415728277       292.213726202       292.123372119
  0.000842613075245       286.901300116       285.735521673       285.210517056       285.427678594       286.375902767       287.848071921       289.635328297       290.937229235       291.979461354       292.188632694
  0.000867425993556          286.800295       285.572979269        284.92253896        284.98827957       285.796588141        287.15041071       288.951326376       290.453859956       291.685047556       292.196961549
  0.000892322414456       286.743902168       285.460326243       284.664096563       284.602796777       285.268158221        286.50625998       288.267943313       290.006243058       291.333464989       292.160068448
  0.000917326757228       286.771321573       285.367863246       284.486022785        284.27574126       284.794134091       285.934925641       287.644607936       289.605493844       290.916938342       292.070877762
  0.000942454462413       286.756078332       285.341272649       284.364143045       284.001388127       284.378611347       285.413049891       287.058718028       289.207200332       290.474550755       291.923054009
  0.000967729885561       286.789696401       285.351170035       284.282098674       283.782410026       284.038912091       284.946535217       286.496344447       288.667053873       290.047953853       291.739303808
  0.000993176914595        286.88981726       285.392306606        284.26596642       283.633741809       283.757281922       284.534443536        285.99233817        287.98977761       289.725063397       291.517472247
   0.00101881500861       286.971888874       285.496429713       284.296320605       283.574975975       283.532007305       284.172602496       285.535209905       287.342508591       289.499481242       291.290203719
    0.0010446629119       287.127884323       285.634553198       284.375587664       283.583592084       283.377831598       283.886254633       285.133747872       286.765747927       289.196760186       291.093736693
   0.00107073887984       287.289229892       285.830204693       284.534839344       283.648530839       283.297222005       283.674667824       284.804702395       286.308710664        288.75689232       290.879083372
   0.00109705515075       287.410902233       286.070241081       284.726434026       283.771194384       283.293264406       283.525551541       284.518536574       285.934300902       288.242168613       290.564180469
   0.00112362334623       287.618655217       286.318924987       284.993560326       283.953585371        283.35766036       283.448494542       284.279847127       285.610289923       287.716232748       290.150203898
   0.00115045072968       287.797828385       286.656385706       285.326550154       284.217228166       283.525113803       283.452988673       284.109345994       285.333957725       287.246719361       289.688071646
   0.00117754423213       288.089686064       287.010836724       285.728000297       284.545024839       283.739815238       283.530398665       284.006222964       285.100893227       286.856823019       289.168430529
   0.00120489673056       288.328755935       287.377437229        286.16383802       284.932015611       284.027560614       283.666732556       283.959754899       284.901896636       286.517180704        288.69599222
   0.00123249480925       288.642058036       287.807636967       286.646739473       285.385202168       284.385821766       283.886743247       283.986306927       284.744654331       286.225234107       288.223585368
   0.00126045076471       288.904736516       288.224975824       287.161388129       285.905305806       284.820299229       284.188715784       284.082861692       284.654457031       285.960848454       287.796533437
   0.00128897487086       289.155506392       288.704106551       287.713816016       286.483073754       285.317552758       284.546422972       284.248898251        284.62422088       285.723172082       287.419497286
   0.00131812794953       289.435810899       289.180940469       288.313479901       287.114328176       285.882311883       284.977778161       284.493144093       284.661487339       285.543120599       287.069570666
   0.00134735363093       289.743814394       289.655816715       288.939017575        287.77230301       286.493010625       285.455620755       284.795376127        284.75984295       285.420932011       286.770606719
    0.0013766062126       290.002070575       290.122811585       289.564017306       288.473421472        287.14774201       285.985653949       285.154825247       284.909887904       285.361014683       286.508053848
   0.00140592149558       290.219258067       290.555629732       290.145570931       289.174964636       287.839818554       286.568673501       285.573776511       285.123128561       285.351930076       286.292406887
   0.00143521465422       290.409221252       290.950590036       290.703982979       289.846103853       288.535263765       287.176727048        286.03206252       285.389435318       285.391715298        286.11900152
   0.00146447194289       290.599700566        291.33909755       291.267418264       290.505010046       289.244886712       287.821043811       286.527491627       285.702466605       285.475884242       285.977284421
   0.00149384619769       290.731115348       291.631246546       291.769055814       291.131045128       289.930461002       288.499744134       287.084366564       286.070940911       285.611829717       285.868025338
   0.00152322915379       290.861831202       291.888071663        292.23019056       291.734281211       290.581145062        289.17097046       287.654602114       286.483495294       285.802755329       285.799762207
    0.0015525949512       290.904037053       292.104032133       292.633011216       292.307751666       291.236216746       289.843625535       288.244061713        286.91282706       286.021728837       285.771901399
   0.00158201387851       290.916618987       292.268076972       292.962888457       292.814861519       291.872989197       290.496152587       288.848092188       287.367994924       286.268564575       285.781725893
   0.00161141360855       290.949295851        292.35135108       293.194070584       293.231836693       292.458458857       291.117619446       289.433497399       287.829511219       286.542601762       285.841803607
   0.00164076648109       290.919896283       292.402483093       293.388239089       293.599474587       292.979746986       291.713881843       290.011022205       288.301845556       286.839327313       285.940419992
    0.0016701954368       290.824080538       292.351577479       293.494100359       293.889068018       293.446287814       292.271423662       290.576257447       288.801789099       287.177349251       286.080581268
   0.00169944058492       290.737545368       292.248205582       293.500825178       294.069208393       293.815330111       292.763860753       291.121046204       289.305560958        287.55234704       286.269754898
   0.00172878023701       290.594946781        292.08660046        293.43000787       294.147981965       294.074073703       293.180912917       291.628278629       289.795371366       287.953903252       286.486543079
   0.00175814383379       290.391615447       291.840882885        293.23075617       294.149953772       294.273294294       293.548556622       292.085550793       290.254194262       288.364349285        286.73234628
   0.00178730419845        290.23576384       291.575069325       292.960338853       294.010482312       294.330944244       293.836713273       292.509459184       290.694759249       288.774916295       287.010445664
   0.00181655137119       289.964034599       291.256521701       292.647664047       293.816103245       294.307096828       293.999593414       292.843224046       291.110640959        289.18978497       287.317831329
   0.00184573320945       289.736122873       290.918467034       292.250857069       293.511226911       294.185154226       294.080491573       293.128142697       291.489058383       289.584682251       287.648113827
    0.0018747392974       289.515569576       290.543820146       291.821921438       293.133949604       293.948081852       294.047169035       293.334163622       291.838836165         289.9846939       288.010403752
   0.00190350455321       289.255862604       290.097015347       291.341846019       292.683565617       293.637203668       293.930327677       293.447846709       292.129466022       290.376188608       288.403709841
   0.00193203463475       289.012577018       289.654930491       290.829889946       292.172490727       293.256216809       293.732138188        293.47939871       292.380583061       290.756391184       288.817497144
   0.00196035111291       288.782147667       289.232460305       290.311751371       291.598843287       292.786545564       293.444903368       293.424287805       292.576421611       291.111431688       289.247551343
   0.00198848170667       288.530811239       288.810271327       289.755174134        290.96713817        292.25844296       293.071506443       293.279522686        292.70454309       291.422507234       289.674060271
   0.00201645850297        288.31746105        288.41081942       289.187812979       290.323168494       291.683931409       292.639779908       293.062381988       292.748054003       291.673811481       290.076017749
   0.00204432811656       288.071961184       288.008777776       288.612690342       289.653649335       291.037366904       292.138384267       292.772757423       292.716993157       291.867874585       290.442945094
   0.00207209975738       287.859572822       287.618466522       288.073875232       289.021746698       290.341706602       291.558898645       292.398696352       292.594803412       292.008367918       290.773575152
    0.0020998132419       287.687168247       287.265443347        287.56144505       288.417775697        289.66116108       290.946684298       291.958588461       292.402214915       292.085055681       291.062712832
   0.00212751326903        287.49189655       286.980883618       287.068778672       287.803198776       288.962704521       290.295824974       291.470457325       292.152866034       292.101387261       291.319117355
   0.00215520196908       287.360872089       286.686304223       286.589615281       287.211621049       288.291687344       289.612865694       290.914730277       291.834429764       292.054645442       291.529819534
   0.00218290685778       287.302500209        286.43801692       286.183200712       286.650194164       287.655286314       288.936468397       290.322365678        291.45249245       291.935081605       291.683808023
   0.00221065669043       287.147356185       286.188939978       285.821955262       286.123639716       287.040044123       288.267070916       289.723423539       291.036019506       291.752170504       291.780962131
   0.00223848531975       287.038799651       285.982833136       285.512430398       285.633566536       286.438227234       287.608331944       289.105951662        290.58839328       291.531433702       291.826563302
   0.00226640451825       286.974787045       285.894026565       285.262546925       285.223657283       285.889842879       286.994774585         288.4808593       290.104003044       291.256680905       291.809159953
    0.0022944026979       287.022578673       285.823232254        285.07347198       284.890883651       285.385509129       286.426397924       287.881708036       289.591359152       290.929624127       291.710700501
   0.00232250874359       286.986655691       285.768557824       284.924075517       284.633061622       284.963730887       285.901681956       287.306872245       289.052073648       290.565406432       291.555282268
   0.00235075990656       287.072955455       285.760461813         284.8397715       284.427503898       284.613184953         285.4417281       286.786461646       288.504701506       290.158065205        291.34993084
   0.00237917966042       287.179739308       285.830328726       284.826221533       284.275273062       284.338578703       285.024372629       286.296779763       287.978387979       289.721849101       291.085011411
   0.00240778578876       287.277761105       285.963343797       284.872318916       284.214751506       284.143331416       284.677181209        285.85423713       287.467842965       289.258549572       290.782535415
   0.00243655638178       287.398866109       286.119065872       284.998001694       284.231692037       284.035050655       284.425980088         285.4723575       287.006573028       288.800149855       290.446271057
   0.00246544545595       287.528142081       286.307558321       285.171209083       284.336814677       284.001338204       284.238534225       285.152081907       286.596352041       288.357223903       290.097826829
   0.00249445813187       287.726919145       286.555340723       285.368099649       284.482988857       284.030716597       284.132884029       284.890852251       286.228823526       287.926888719       289.726843632
   0.00252349611105       287.919782798       286.844911531       285.677990812       284.698680623       284.111998393       284.090394028        284.69773199       285.921070194         287.5188189       289.338682231
   0.00255249176933       288.138613564       287.152230655       286.030040156       285.005516867       284.311069512       284.152201204       284.581357059       285.667236144       287.156585831       288.958024259
   0.00258152392531       288.421732605       287.551010432       286.414459896        285.35459447       284.565792232       284.293459871       284.558089521       285.476459427        286.84117913       288.579456826
   0.00261067444533       288.590021825        287.92373261       286.864345277       285.782132492       284.903598026       284.465476424       284.566883615        285.32465538       286.568083449       288.212503681
   0.00263980444396       288.838132965       288.339254278       287.342168845       286.248299044       285.327022514       284.730763809       284.658297835       285.214945174       286.319728614       287.869052208
   0.00266896617034        289.11288776       288.738475736       287.854674958       286.764051251       285.791928217       285.052286278       284.824929563       285.190082512       286.128309669       287.547587407
   0.00269815298247       289.355659099       289.140054847       288.380591605       287.311024089       286.289226016       285.442826837       285.037440139       285.208775788        285.97109774        287.25726691
   0.00272735003484       289.564031409       289.525939449       288.912797234       287.875414429       286.811546227       285.887762066       285.311696963       285.288821232        285.85352579       286.992674794
   0.00275657921395       289.791178654       289.897659154       289.424486465       288.451508015       287.355375572         286.3667709       285.638203609       285.432332194         285.8045628       286.766611007
    0.0027858894332       289.997812455        290.29326976       289.975690609        289.06988509       287.924519894       286.865169718       285.999078926        285.61755579       285.793400767       286.569793252
   0.00281522260286       290.200096413       290.654069051       290.470895078       289.690141876       288.522758372       287.395988341       286.404250711       285.836752683          285.811278       286.401407456
   0.00284455316894       290.361009242       290.984322694       290.951300529       290.281418313       289.146797538       287.958614436        286.84809919        286.10314854       285.887596333       286.287704005
   0.00287380165671       290.512131405       291.256621766       291.388816097       290.855922954       289.785201783       288.526322433       287.323395688         286.4156602        286.01278841       286.211785186
   0.00290302546432       290.618412094       291.511191668       291.772455206       291.372381203       290.384554726       289.106532616       287.823310094       286.755451338       286.164459368       286.154150596
   0.00293234971975       290.621599354        291.69961948       292.130333233       291.864620311       290.964583916       289.681907131       288.339426189       287.125927259       286.342818891       286.129294815
   0.00296176449125       290.662329052       291.855136828       292.426936156       292.302500282        291.51984224       290.275530638       288.862742423        287.52271289       286.571689975       286.152865724
   0.00299124526061       290.671299048       291.943719034       292.649177194       292.680518881        292.01843342       290.845025071       289.407463532       287.953421788       286.827965032       286.205291549
   0.00302064204151        290.65379696       291.949685563       292.798079761       293.005514824       292.462574305       291.379476818       289.938168661       288.395187265       287.109978515       286.289761524
   0.00304989776909       290.547854784       291.895594037       292.877965775        293.25882886       292.850758354       291.872893136       290.431035378       288.831074039       287.410888214        286.42039474
   0.00307920989949       290.473987366       291.830677189       292.885749822       293.424624625       293.183142858       292.324609391       290.898013602       289.262575103       287.732193151       286.588838083
   0.00310845471281       290.403443851       291.691093375       292.819559918       293.477247741       293.410155297       292.687140752       291.320994441       289.682557824        288.07717392       286.794470701
   0.00313772019254       290.211376444       291.484170032       292.679747319        293.44483976       293.560016215       292.980874232       291.712473217       290.077205863       288.431141862       287.029883416
   0.00316695307306       290.005055294       291.246294882       292.467407977       293.360785007        293.63475573       293.208279574       292.077867379       290.467622303       288.794816453       287.288376005
   0.00319611584062       289.852022881       290.965339137       292.178096066       293.174929393       293.609780101       293.361905147       292.394116222       290.843347268       289.162981699       287.572694431
   0.00322512653775       289.606757338       290.677342057       291.853704728       292.923821416       293.481929756       293.409872477       292.629505375        291.19245353       289.522671804       287.875018518
    0.0032540936848       289.432145453       290.307694701       291.441468602       292.604385812       293.289700684       293.394255764        292.79473617       291.507350243       289.868740657       288.194370825
   0.00328295241781       289.197609898       289.963019152       291.040040608       292.199060949       293.005245456       293.296699901       292.891401055       291.786123527       290.214396479       288.536411835
   0.00331160137832       289.019136252        289.58723662       290.598496102        291.76632518       292.673426363         293.1159745       292.896713737       291.990887958       290.545952397       288.891948178
   0.00334006077925       288.799098077       289.194724705       290.118348093       291.242215729       292.264650998       292.865719218       292.839754262       292.138946096       290.844619159       289.237406695
   0.00336838065555       288.553203353       288.842689061       289.603681203       290.721324003       291.784680752       292.533851062       292.723014548        292.23630329       291.114196435       289.588649629
   0.00339660393402       288.378248208       288.478777522       289.119408913       290.180833958       291.253882517       292.147179214       292.525880367       292.260231937        291.33935491       289.928571266
   0.00342472076707       288.170243923       288.145525234       288.631711111       289.595755656       290.692834928       291.701706123       292.257400959       292.215383893       291.500298282       290.226053728
   0.00345274325975       287.973555445       287.788050973       288.134346658       289.006523733        290.11719812       291.197226008       291.925285721       292.111019866       291.610649101       290.502579893
   0.00348069957803       287.837571432       287.491605316       287.697108282       288.444278043       289.553397011       290.661099304       291.540159092       291.941888693       291.676148399       290.766627111
   0.00350862609239       287.648128818       287.182816183       287.266562372       287.903254813       288.987189488       290.106434142        291.10990261       291.713205794       291.690258739       290.995642042
   0.00353654553674       287.574885408        286.93888813        286.85293291       287.365843618       288.399127541       289.529778848       290.642211557       291.426963517        291.64100332       291.184810263
   0.00356447310267       287.438090933       286.717224708       286.510404737       286.878866821       287.806208638       288.941808228       290.143639493       291.093473471       291.545518992       291.329529161
    0.0035924301824       287.380936052       286.538982886       286.191575425       286.421288957       287.244724798       288.365329108       289.623082859       290.736046583       291.405064789       291.425018519
   0.00362042322097       287.302829217       286.357673387       285.912850095       286.015085287       286.695660665       287.789674244       289.098699563       290.361961602       291.211945126       291.465071577
   0.00364847635432       287.232172059       286.233691853       285.696508217        285.66225197       286.205305385       287.229673793       288.560356093       289.952713801       290.969081039       291.446329993
   0.00367661528706       287.239966284       286.181508406        285.51579063       285.356670185       285.785449457        286.72241819       288.023059603       289.513280589       290.679381091       291.369846802
   0.00370486229105       287.254361208       286.147182147        285.38698756       285.129187954       285.435648503       286.261161869       287.503318789       289.060904959       290.354625444       291.239672669
   0.00373325053983       287.285020786       286.169183979       285.307551456       284.947673884        285.13398139       285.840181467       287.007647209       288.594826347       290.005150072       291.072208908
   0.00376180243283       287.362136956       286.217657763       285.297264045       284.819150284       284.898647236       285.475829261       286.560058328        288.12201755       289.629722817       290.870464781
   0.00379049303022       287.461546791       286.306962478       285.342562548       284.772734022       284.735671805        285.17346651       286.177192714       287.681221835       289.253656063       290.625458801
   0.00381929966411       287.604153625       286.429064577       285.436411956       284.789956565       284.631516581        284.94593924       285.846919095       287.272686885       288.874374928       290.359819416
   0.00384822330821       287.718252991       286.637921227       285.609235359       284.879334814       284.594537366       284.795157886       285.580756919       286.910111747       288.497017796        290.05723014
   0.00387712883224       287.850373585       286.849561818       285.820728917       285.026505599       284.622949649       284.715290155       285.361941555       286.600545994       288.143843469       289.731617329
   0.00390609284773       288.102441261       287.127665032       286.087297751       285.234473637       284.719175747       284.690369928        285.19284682       286.323295718       287.796637766       289.397767718
    0.0039351699105       288.260127607       287.435578905       286.412084835       285.507569993       284.893175087       284.734356008       285.094053617       286.090183434       287.475963652       289.047015044
   0.00396424120001       288.426734894       287.725523532       286.764040787         285.8470386       285.134788739       284.850791731        285.06230987       285.906347337       287.188522014       288.701473085
   0.00399332503207       288.663344594       288.046911235       287.152902995       286.216512934       285.418038302       285.029151543       285.098390249        285.76440367       286.926330308       288.364707384
   0.00402246562757       288.881379089       288.426240928       287.582423166       286.628562322       285.756495022       285.265154146       285.183651144       285.677028576       286.710365443       288.052413754
   0.00405158170747       289.094751101        288.77754202       288.011647968       287.071275873       286.148924094       285.550377846       285.321060033       285.644908533       286.539083969       287.771517016
   0.00408073011211       289.294759104       289.130613192       288.479277422       287.553600229       286.590073957       285.877468135       285.508153136       285.663538781       286.399372358       287.501763966
   0.00410989957431       289.548744698        289.46384868       288.930953728       288.066984343       287.075019178       286.258081699        285.74673035       285.736324014       286.301097619       287.260526982
   0.00413908926445       289.711414251       289.809110809       289.419891633       288.586698146       287.577738393       286.684353764       286.028718673       285.859714606       286.246631466       287.058252711
   0.00416826526217       289.872209698       290.124846272       289.857764371       289.108946015       288.098356289       287.128108468       286.347374161       286.021806052       286.230188544        286.88090907
    0.0041975803339       290.078528604       290.481601594       290.308076588       289.628584163       288.639411267       287.606920826       286.699412828       286.216172226       286.238159013       286.719071919
   0.00422684976264       290.165230483       290.760023641        290.70300815       290.153351061       289.202327272       288.113963458       287.098224464       286.457876008       286.286795534       286.601162523
   0.00425612883174       290.271792584       290.959320061       291.080270423       290.641283221       289.729363376       288.625126379       287.514700751       286.734852294       286.396786967       286.532791709
   0.00428538293293       290.339918918       291.166043108       291.424821673       291.095241668       290.239321183       289.134218355       287.947490272       287.036976003       286.530741889       286.486686573
   0.00431467907099       290.369217294       291.334416526       291.729335241       291.521723975        290.72602876       289.644807087       288.404509996       287.368994555       286.701316584        286.47382298
   0.00434401892446       290.418246948       291.448363257       291.970114944       291.880655054       291.212448802       290.157226657        288.86448575       287.719459853       286.904794433       286.500779522
   0.00437339522949       290.445022597        291.51234428       292.187696682       292.214033649       291.661252604        290.65485203       289.334241185       288.095475152       287.132340772       286.543361561
    0.0044027685957       290.406017456       291.521041489       292.310253252       292.491411186       292.068551906       291.129552901       289.792190124       288.493530138       287.389820175       286.635712429
   0.00443214517116       290.377076633       291.483808007       292.386136187       292.707405203       292.391650104       291.544763824       290.248580981       288.894557189       287.666549027       286.769568088
   0.00446131302883       290.290372876       291.375767939        292.37652766        292.84453218       292.669066957       291.913834329       290.671748788        289.29140233       287.953776228       286.910361464
   0.00449058289701       290.188492651       291.276336032       292.302056438       292.900990588       292.866175324       292.235726343       291.078072381       289.680326295       288.241828822       287.075565569
   0.00451976086236       290.015114225       291.110683326       292.174716771       292.866789313       292.979532483       292.479721779        291.42005075       290.046838327        288.55430909       287.278477306
   0.00454899517499       289.851781421       290.929437451       291.982227908       292.771254243       293.022308586       292.664477864       291.710677544        290.38772385       288.876234546       287.513179663
   0.00457825713932       289.702555672       290.697343403        291.71865298       292.631070132       292.992415953       292.788805483       291.958475772       290.716107338       289.205269823       287.772835345
   0.00460752982826       289.531040638        290.39358432       291.408312191       292.408294121       292.889930225       292.853213299       292.167351297       291.004341348       289.524674119       288.059807103
   0.00463668014991       289.390958629       290.115264867       291.098489191       292.111554124       292.731920542       292.831752494       292.318304627       291.256859358       289.817190624       288.353658591
   0.00466558946555       289.153571626       289.789519279       290.727459849       291.739779636       292.513759797       292.738500164       292.406164293       291.465841651       290.099303695       288.648174438
   0.00469438070325       289.007386395       289.481157161       290.335679655       291.304335164       292.199400702       292.569463605       292.410445255       291.629634303       290.368524627       288.946992618
    0.0047230113385       288.769347414       289.182453424       289.913053558       290.869414447       291.822833967        292.34144639       292.348181552       291.743155058       290.613890361       289.232809186
   0.00475149878422       288.590064673       288.860081828       289.475567364       290.409833403       291.384981529       292.071554944       292.237946209       291.816980292       290.832660762       289.518291715
   0.00477987500685       288.425244042       288.554229302       289.062567033       289.937230767       290.915439812       291.724883209       292.058326332        291.83896964       291.026449933       289.809957435
   0.00480816820586        288.23633029       288.193622878       288.613795643       289.439519155       290.419526863       291.316043003       291.819233254       291.790304379       291.171205251       290.089667706
   0.00483638293863       288.068932818       287.908861057       288.208819457        288.95939858        289.89858245        290.84998865       291.522538688       291.691771256       291.279759767       290.339878708
   0.00486454249403        287.96399412        287.64487909       287.817205853       288.480680849       289.389082748       290.377115522       291.176323965       291.536022851       291.332942228       290.570999772
     0.004892665493       287.806668377         287.3719482       287.439244002       287.987497684       288.862114518       289.875614208       290.788548904       291.334793098       291.337051887       290.764814513
   0.00492076804631       287.702836623       287.140425947       287.083997571       287.517672372       288.331348504       289.345783845       290.352038686        291.07731644       291.294175963       290.916995231
   0.00494888264473       287.590225101       286.957363684       286.794360844       287.088981581       287.823497266       288.825040301       289.892782181       290.777768884       291.195006882       291.032819645
   0.00497703313668       287.492494854       286.794949158       286.483533035       286.688388751       287.353682952       288.319083929       289.436812584       290.448106923       291.054200721       291.101259664
   0.00500524553061       287.480960982       286.660458337       286.240201121       286.341663074       286.895519328       287.834192373       288.989510941       290.107250325       290.876214421       291.124510652
   0.00503354282267        287.43043491       286.526014494       286.030615922       286.030901445       286.488424183       287.362155331       288.524519754        289.74076605       290.663379783       291.106111972
   0.00506195061262       287.490404451       286.508690392       285.881356839       285.771665103       286.124195262       286.935440861       288.075567003       289.338050478        290.40205772       291.028312387
   0.00509045103539       287.464791819       286.457950918       285.817536287       285.575821665       285.808265572       286.551274462       287.651254362       288.936249254       290.116375652       290.906745009
    0.0051190645387        287.51580651       286.505566243       285.759857285       285.418524994       285.560325355       286.201473786       287.242617128       288.524516956       289.805767438       290.752367994
   0.00514778029128        287.58184129       286.537044548       285.728937598       285.308412215       285.352413988       285.893119161       286.865797278       288.129077034       289.470816249       290.561045953
   0.00517656492654       287.624675867       286.672635233         285.8096172       285.283176701        285.21378294       285.635823858       286.527970837       287.764861296       289.131545686       290.339549559
   0.00520540562646       287.772123074       286.796102892         285.8945083       285.311071546       285.127189551       285.435955956       286.232194097       287.435496662       288.791614104       290.091145129
   0.00523425909087       287.853423216       286.958440286       286.048381422       285.367697344       285.096304492       285.305315488       285.989346502       287.129151907       288.459922629       289.816947813
   0.00526323594751       288.036626674       287.161478151       286.237307871       285.509258854        285.13887692       285.236892527       285.797742588       286.851043356        288.14572703       289.533091476
   0.00529227190324        288.18387953       287.407419122        286.48757825       285.710490018       285.256266574       285.233740452       285.663162593       286.605465259       287.854898185       289.247823395
    0.0053212123362       288.321339905       287.645814246       286.790974963       285.964828421       285.415435759       285.275125093       285.597505056       286.412613652       287.589304995       288.964871767
   0.00535006399051        288.54591274       287.899170189       287.114440598       286.244623344       285.627223679       285.380363291       285.572908716       286.257764291       287.348884937       288.692779126
   0.00537903381712       288.727420698       288.208712093       287.447452823       286.574037199       285.874350375       285.530643811       285.600632416       286.144959796       287.126186659       288.416598769
   0.00540811678839       288.944092355       288.525153486       287.819820179       286.958825049       286.196295617       285.739760198        285.66621337       286.079863025       286.940216352       288.143514283
   0.00543723796195       289.120398446         288.8238292       288.202123773       287.367308724       286.568963042       286.005532902       285.800931342       286.055534912       286.778127436       287.892873597
   0.00546639707543       289.285487495       289.160504623       288.604969726       287.791484372       286.948482689       286.299614861       285.976763578        286.07780785       286.660457915       287.660742262
   0.00549551218389       289.468120114       289.475944304       289.015744011       288.237899577       287.383371395       286.645436891       286.199425163       286.144325579       286.578863127       287.460899111
   0.00552464873992       289.650213277       289.777547695       289.418015878       288.706742661       287.830632646       287.020766939       286.458912944       286.259774981       286.540344609       287.291078089
   0.00555382645893       289.770167092       290.013760379        289.80251358       289.164275311       288.295651321       287.441485816       286.742467535       286.405687082       286.534749335       287.148807089
   0.00558296322322       289.890021746       290.291552937       290.190846809       289.620354453       288.772842686       287.866977905       287.050833186        286.58606086       286.559434246       287.020100651
   0.00561226311725       290.019511763       290.538400546       290.543908527       290.067225779       289.249979195       288.322426183       287.393076855       286.788693601       286.614109239       286.913537802
   0.00564150684352       290.097954372       290.727825479       290.886710417       290.501737606       289.712819875       288.777781073       287.769067333       287.036423315       286.704397537       286.839169114
   0.00567088066816       290.151288929       290.905208912       291.193674815       290.913475366       290.177226661       289.230609226       288.168740668       287.320342481       286.837485732       286.793107535
   0.00570026275908       290.190517384       291.033048802       291.420917128       291.268275003       290.605981908       289.671532341       288.578543826       287.630970366       286.996814936       286.779301003
   0.00572955617929       290.232119656       291.162036314       291.632487759       291.596332469       291.012991061       290.110093086       288.982981118       287.952736703       287.191136613       286.799271669
   0.00575877684436       290.207650176       291.186615253       291.773157094       291.866753609       291.374350857       290.526384448       289.391884239       288.280089348       287.400932783       286.853096367
   0.00578807427106        290.21564251       291.191076499       291.888830306       292.093272767       291.696135484       290.904559858       289.788431864       288.600042583       287.628182722        286.93717089
   0.00581741347369        290.13317429       291.177619469       291.959817075        292.24830777       291.975089317       291.263409083       290.180190827       288.918976918       287.860362731       287.051831342
   0.00584672285196       290.095001089       291.085109225       291.923425175       292.344783649        292.21416356       291.575571235       290.544957086       289.258970914       288.116528283       287.194603431
   0.00587604973654       289.974027943       290.959481018       291.849737468       292.359573942       292.377083944       291.839501656       290.875381946       289.592849359       288.384724039       287.365874836
   0.00590528789026       289.846526052       290.833739862       291.711563704       292.340221499        292.48495668       292.053169241       291.161647943       289.920507196       288.657331046       287.549586481
   0.00593436162434       289.708137004        290.64892991       291.536030331       292.221885151       292.504308422        292.22415745       291.418795785       290.225521985       288.933286919       287.748316626
   0.00596350233235       289.596646625       290.419359739       291.327744278       292.055553433       292.465404329       292.320257773       291.628480285       290.516613557       289.222309622       287.972069758
   0.00599270963341       289.413398259       290.161229419       291.084358808       291.849587689       292.362655737       292.348941078       291.784205606       290.770233997       289.507209595       288.217952903
   0.00602179679714       289.257807195       289.911291305       290.775022176       291.567903168       292.193892589        292.32026261       291.899972193        290.99415273       289.773299093       288.464062789
   0.00605071418657       289.092072897        289.65444638       290.461026911       291.270278682       291.959387933       292.216613007       291.957267807       291.181773673       290.024657261       288.721539294
   0.00607947859667       288.955931874       289.399351275        290.11627808       290.925146026       291.692408401       292.075601506       291.953842333       291.318221236       290.256616755       288.992359729
   0.00610810161206       288.782033106       289.119922489       289.757716048       290.545567466       291.357752149       291.867790615       291.900033887       291.419310237       290.477496786       289.275052767
   0.00613660319024       288.645681551       288.793528028       289.353762464       290.139912055       290.986114353       291.597630571       291.770391692       291.463452367       290.671862219       289.552140647
   0.00616504492772       288.410400939       288.488517191        288.96943245       289.718509906       290.574783946       291.277861353       291.610117467       291.458972594       290.816482118        289.80345789
   0.00619345987864       288.279648125       288.236498426       288.619280238       289.287285535       290.150349576       290.915770088       291.394541701       291.407537671       290.933029839       290.047062646
   0.00622180300715       288.129755091        287.98812368       288.266426727       288.849332878        289.69238231       290.519495374       291.136676312       291.298687417       290.994782494       290.260344604
   0.00625009182951       288.021372061       287.749245271       287.886439276        288.40929423       289.225623442       290.084769369       290.830799281        291.16089838       291.018103112       290.428017365
   0.00627835864599       287.898033256       287.529080281        287.56039883       287.993629817       288.752670654       289.638571082       290.489305977       290.978239148       291.005214994       290.584259134
   0.00630661963833       287.853412715        287.31673104       287.268642552       287.628488534       288.307705561       289.175705325       290.111630766       290.769616725       290.959857104       290.700157172
   0.00633488652239       287.716749928       287.160922496       286.989435153       287.255110938       287.869019847       288.719180251        289.71681328       290.518268743       290.879033043       290.780379188
   0.00636317538216       287.657780076       287.015752589       286.734291597       286.910666856       287.459275793       288.262597634       289.303312466       290.235445998       290.750403481       290.829479602
   0.00639151863169       287.610161083       286.914254061       286.527657278       286.596824709       287.096774572       287.841048495       288.886505845       289.914760652       290.598663443       290.836317621
   0.00641992917142       287.610710055       286.834384154       286.361360243       286.331632196       286.746166406       287.447207514       288.474035776       289.585455765       290.408786111       290.802863382
   0.00644841741808       287.666532878       286.774493737        286.23573538       286.112746307       286.436092486       287.080285455       288.072389843       289.235699114       290.185801934        290.73033915
    0.0064770035686       287.660266423       286.753932677       286.158477718        285.92835596       286.153784703       286.740696188       287.702116547       288.871397386       289.941383227        290.62722221
    0.0065057026183       287.700312148       286.782857418       286.121966631       285.798158671       285.931524868       286.428111511       287.358456814       288.516631619       289.679720574       290.498588098
   0.00653449735516       287.771777541       286.885182262       286.124059733       285.715601041       285.777223112       286.174342084       287.045148511       288.176481342       289.395271683        290.33431148
   0.00656338068292       287.819800668       286.966162768       286.180831333       285.700434353       285.654963257       285.968735153        286.77483642        287.87208266       289.092667673       290.139928057
   0.00659236922291       287.925918682       287.108397102       286.278046129       285.716983841       285.589912594       285.813691935       286.527510133       287.590024644       288.796298577        289.92576726
   0.00662136732551       288.002749003       287.258589491       286.432043259       285.802229198        285.58063652       285.716697791       286.325787403       287.332485422       288.512340751       289.682441721
   0.00665031091916       288.168722546       287.433389397       286.611446967        285.93586435        285.62586078       285.667184512       286.164296316       287.109090032       288.249089237       289.427136784
   0.00667930954046       288.309741363        287.63333696       286.860183782       286.147014324       285.717974481       285.665274689       286.050478723       286.896269379       287.995304853       289.170854599
   0.00670839570576       288.467478495       287.836745599       287.114214632       286.382233133       285.868213914       285.728746612        285.99477236        286.71305937       287.754627617       288.909771062
   0.00673742748868       288.608132313       288.113908112       287.395587912        286.64179248       286.058099868       285.832854407        285.98631708       286.577704362       287.534278772       288.660161928
   0.00676641317198       288.768562367       288.371494709       287.702321896       286.942456151       286.297596572       285.975110808       286.018075847       286.481167389       287.335485867       288.421854668
   0.00679543244479       288.933494579       288.624600198       288.028188722       287.273199929       286.592156208        286.16666624       286.081999712       286.421835617       287.167129182       288.189197668
   0.00682459761087       289.100793656       288.898881997       288.364159877       287.636884359        286.92565598       286.402785318       286.203402668       286.412183523       287.033031421       287.974939196
   0.00685369000304        289.27522543       289.199762653       288.718930331        288.02289142       287.282992779       286.675466072       286.365471206       286.443750065       286.948892317       287.787090918
   0.00688292659895       289.412781956       289.441870474       289.072088656       288.415797505       287.656414007       286.997174014       286.569838717       286.507377609       286.882433432       287.612053854
   0.00691217631492       289.561835624       289.720460608       289.434304843       288.826177892       288.061165474       287.349238276       286.807055303       286.616894339       286.848119478       287.451497219
   0.00694146675741       289.688624808        289.95645443       289.789948178       289.254809401       288.481937517       287.722357783       287.068859634       286.748426221        286.84655487       287.324203373
   0.00697066946084        289.80092044       290.187266955        290.12404775       289.672313361       288.920363181       288.107165195       287.355990178       286.921373092       286.874538963       287.211569325
   0.00699996054761       289.888665344        290.36953635       290.417472019       290.050786643       289.329623443       288.492651781         287.6673925       287.126719918       286.933918576       287.128525848
   0.00702917340723       290.034205295       290.560000977       290.681350338       290.397556217       289.733401202       288.902055549       287.995390416       287.348047567       287.015038359       287.070186786
   0.00705845133826       290.038340943       290.682022955       290.955182119       290.740572298       290.119516073       289.323947828       288.364271898        287.60232856        287.12161729       287.035279249
   0.00708762774896       290.101925625       290.786861569       291.150661667       291.024748042       290.475649415       289.708202236       288.727582469       287.872377276       287.260896706       287.038868946
   0.00711677623202       290.115578658       290.874147515       291.341654778       291.301961488       290.804537631       290.060799404       289.085498615       288.143021612        287.42369503       287.066787588
   0.00714607650997       290.051028602       290.883450136       291.468596783       291.537727999       291.143008784       290.409505024       289.438872751        288.44143412       287.610723152       287.114668093
   0.00717540446816       290.033189368       290.875737145       291.491446688       291.697393279        291.41757722       290.733964859       289.794728716       288.741654906       287.816257018        287.20158878
   0.00720456590243       290.009686682        290.88052525       291.526218629       291.828121201       291.649873097       291.029542735        290.11160646       289.041792242       288.039653282       287.307983682
   0.00723368332616       289.922890572       290.789565423       291.518126439       291.899849142       291.833312654       291.303638269       290.411274803       289.332624445       288.271192423       287.443999288
    0.0072628752148       289.860609469       290.670614494       291.470410429       291.912402879       291.958524412       291.541572262       290.692686711       289.621280813       288.515302301       287.606457855
   0.00729213385512       289.715765992       290.507559084       291.357236828       291.877959387       292.031828026       291.727297162       290.956406957       289.905837185       288.774698181       287.787063961
   0.00732133633818       289.575131677         290.3380722       291.189028213       291.778441251       292.041870575       291.861055335       291.179937547       290.176519302        289.03555426       287.969859311
   0.00735051305947       289.456209219        290.16567415       290.993280456       291.632127392       291.984207288       291.912083055       291.352200638       290.421382625       289.286750796       288.166220478
   0.00737968743836       289.368807301       289.959887479       290.755376218       291.440916694       291.877301888       291.915955091       291.469026831       290.618297453       289.522045283       288.371574749
   0.00740874693947       289.202629665       289.739940192        290.48045074       291.200159367       291.712220763       291.861585096       291.548946778       290.788744608       289.740018758       288.577447214
   0.00743778097792        289.05286143        289.51012086       290.186200339       290.927124915       291.503141543       291.749724446       291.576815518       290.933974127       289.951689618       288.800017727
   0.00746669317615        288.90251312       289.244299774       289.872906527        290.61843392       291.253579554       291.595949235       291.561675341       291.035471744        290.14638861       289.029952385
   0.00749548163546        288.77685443       288.960698387        289.54025739       290.282476887       290.951926648       291.406214961       291.495526815        291.11265964        290.33893638       289.267531285
   0.00752416029606       288.607291354       288.748060223       289.222264377       289.922974388       290.618248592       291.166547452       291.371683849       291.147805217       290.510625402       289.505333944
   0.00755274667815       288.483211172       288.518492837        288.89470688       289.549047076       290.254466926       290.883539615       291.201371774       291.139196377        290.62989729       289.716730114
   0.00758125775818       288.312320004       288.246315574       288.540617625       289.146001276       289.876494456        290.57210749       290.995161607       291.077758344       290.709151298        289.92135243
   0.00760971906099       288.221677952       288.032770531       288.217005491       288.752811363       289.479765257       290.210443321       290.753138194        290.96648545        290.74539759       290.114351319
   0.00763814233269        288.09700869        287.81097474       287.940412533       288.389213944        289.08221305       289.823069646       290.469709403       290.815749265       290.755320719       290.269365464
   0.00766655142652        288.00313265       287.604886058       287.657094153       288.028857157       288.690401433       289.429878249       290.166221073       290.639954126       290.732947188       290.400543944
   0.00769497238936       287.941528356       287.455978084       287.385853179       287.665419905       288.278360159       289.026128536       289.825014925       290.432031696       290.685867682       290.498336884
    0.0077234107782       287.851944291       287.317997057       287.144804345       287.345196936       287.899957269       288.633270176       289.463814019       290.188054281       290.595663694       290.554103614
   0.00775188524376       287.783978796       287.194720622       286.933126955       287.073004661       287.545602306       288.265848456       289.118046591        289.92708318       290.470880187        290.57878392
   0.00778040433098        287.74954167       287.089904728        286.74695172       286.804559991       287.217972821        287.91315451       288.779402197       289.639701178       290.320857184       290.592702583
    0.0078089756008       287.777160911       287.054101036       286.623967838       286.587457592        286.91984769       287.564600972       288.440685975       289.343279293       290.138862722       290.560969992
   0.00783760367947       287.776051499       287.017020153       286.529812282       286.406749318       286.670925624       287.260889105       288.114125654       289.045735663       289.930934632       290.497447377
   0.00786630383243        287.81364425       287.036848061       286.468892719       286.252018012       286.433869194       286.975895406       287.805844667       288.761574279       289.711054739       290.403285341
    0.0078950913591       287.849181009       287.042480213       286.438051743       286.156141822       286.241068801       286.708044149       287.493039723       288.476238339       289.474360018       290.272042675
   0.00792396102196         287.9055067       287.127822945       286.457894388       286.112836657       286.114971899        286.48905897       287.219874114       288.186661069       289.218274461       290.102646951
   0.00795292649007       287.941392813        287.19238344       286.535031746       286.119022824       286.026200294       286.322460708       286.998250076       287.919610681       288.971158575       289.918846413
   0.00798190812297       288.051821805       287.327435543       286.648515963       286.136501367       285.980688106       286.188285347       286.782412503       287.672386769        288.74198287       289.727822564
   0.00801087161649       288.168248847       287.497041311       286.798458302       286.242147724       285.997774945       286.101889167       286.607189648       287.440863111       288.494558891       289.518687939
   0.00803989934635       288.321497243       287.637355268       286.938985146       286.370168041       286.067987226       286.081407101       286.480683587        287.24611981       288.251041122       289.297777343
   0.00806898886373       288.416254093       287.823736375       287.137366089       286.523778158       286.151174968       286.073937703       286.391562575       287.080021767       288.026366733       289.100132317
   0.00809803008058       288.567249946       288.048176097       287.391526958       286.743411182       286.297780067       286.126249382       286.338305323       286.928297718       287.815634834       288.897845802
   0.00812702615963       288.714236699       288.267344428        287.66086609       286.988534477       286.488812815       286.233899463       286.341050829       286.830261413       287.635789116       288.682039007
   0.00815600051104       288.831167005       288.485778046       287.927580434       287.263098441       286.702721929       286.378202958       286.382057461       286.761390292       287.479605952       288.480554531
   0.00818510159471       288.921945728       288.698636239       288.204968123       287.568525417       286.958377139       286.563273594        286.45237728       286.719901978       287.351224724       288.275304324
   0.00821421548704       289.098651642       288.963631174       288.498918008       287.887083971       287.240209707       286.785776599       286.573224526       286.718960372       287.241404644       288.074727835
   0.00824341378681       289.256201202       289.224659112        288.82975089       288.219089988       287.548721952       287.039086526       286.730905524       286.756953081       287.163558673       287.897244016
   0.00827250959063        289.40349244       289.445307599       289.158377056       288.591311164       287.911647913       287.326467833       286.921569113       286.822544585       287.114263986        287.74292596
   0.00830171228845       289.522482858       289.695125363       289.464898579       288.939822307       288.259861169       287.639592881       287.150927002       286.926375693       287.088760392        287.60302639
   0.00833099490467        289.67166953       289.881561675       289.753232871       289.318530549        288.63176908       287.953795122       287.396005488         287.0657165       287.094520423         287.4832513
   0.00836026034184       289.733354563       290.077758756       290.048197061        289.65984916       289.008949444       288.303343618       287.665491712       287.226188962       287.132378258       287.400600954
   0.00838950590081       289.804629951       290.245183681       290.316906855       290.005260424       289.379768323       288.650175505       287.953826432        287.41505278       287.193553482       287.339538748
   0.00841866865309       289.833591176       290.358742038       290.530851033       290.297457934       289.738886945       289.003788676       288.252444663       287.618607372        287.27672454       287.292424297
   0.00844776372911       289.892203839       290.504062707        290.72511083       290.567206606       290.064723133       289.347750513       288.568007769       287.838695054        287.37498738       287.272718516
   0.00847691111503       289.922472634       290.591753431       290.931237519       290.845442309       290.386060423       289.685231208       288.872680557       288.075360298        287.51099776       287.284736515
    0.0085059896034       289.924465011        290.63281946       291.056318381       291.064915863       290.677569385       290.018399776       289.171699451       288.317202098       287.656721717       287.315287837
   0.00853508890469       289.903256418       290.644366487       291.121605823       291.226531132       290.923056124       290.316476489       289.465615251       288.573074153       287.816914209       287.362315253
   0.00856424706869       289.904123068       290.666406902       291.178403131       291.373644256       291.152989346       290.597694737       289.758214118       288.823244424       288.000125337       287.449136094
   0.00859341549755       289.836180322       290.624160899       291.182730765       291.488429914       291.359844055        290.85276978       290.049291213       289.085865915       288.197865904       287.539332408
   0.00862245511189       289.742015639       290.519099308       291.155714509       291.541833346       291.495369061       291.072964952       290.322709481       289.345529838       288.401241486        287.64226373
   0.00865148908989       289.686981532       290.418136016       291.066117434       291.539512235       291.590159961        291.25727673       290.552002121       289.595848982       288.618443833       287.781230575
     0.008680457714       289.586951731       290.296470998       290.986007404       291.511267462       291.634430103       291.394566681       290.751632345       289.836533409       288.848008914       287.943604546
   0.00870954875632       289.507990066       290.134301389       290.811293437       291.401401686       291.644122378        291.49377817        290.92387301       290.078226881       289.078750347       288.119877983
   0.00873865957801       289.358949809       289.987281295        290.66223864       291.260099534       291.581979034       291.524344628       291.060749455       290.281637256       289.302516632        288.31636114
   0.00876782457539       289.244449859       289.788998449       290.439520199       291.079952267       291.487585388       291.520598569       291.154429273       290.449432447       289.518836303       288.517302634
   0.00879698106817       289.137954737       289.565406157       290.206457657       290.847496598       291.317808708        291.46435903       291.221144688       290.599712749       289.719398311       288.727161845
    0.0088260618325       288.984276494       289.356361723       289.965717239       290.594145218       291.119716326       291.359977798       291.232390455        290.71400252       289.899736264       288.935216425
   0.00885502879749       288.830940874       289.138534768       289.676214289       290.324232906       290.898887086       291.220993612       291.202438871       290.797520856       290.058697082       289.135966973
   0.00888389701548        288.68274194       288.934149959       289.389119237        290.00715986       290.620200731       291.020961323       291.132459611       290.847544429       290.201863105       289.337373065
   0.00891267762101       288.608027453       288.697745509       289.093566661       289.679279157        290.31528707       290.775864246       291.019015299       290.860536559       290.326206614       289.526318683
   0.00894137963737       288.437226544       288.464978761       288.804483858       289.332953487       289.987518363       290.524346501       290.866898598       290.830595919       290.421601276       289.707702521
   0.00897001308611       288.332879425       288.232984539        288.50871073       288.998227106       289.644457857       290.243417027       290.679955208       290.775146707       290.484856259        289.87438206
   0.00899858762273       288.261677336       288.070326031       288.254566583       288.674456841       289.287659517       289.935365601       290.451751184        290.67319607        290.52047921       290.030610908
   0.00902711791948       288.183002481       287.892853532       287.989951736       288.371132148       288.950404618       289.608891665       290.196054699       290.539345287       290.523975706       290.160908178
    0.0090556292943       288.110614926       287.718348752        287.73314512       288.055898816       288.597278508       289.268003781       289.927638702       290.371109224       290.499035163        290.26529342
   0.00908413685325       288.024908271         287.5812558       287.498407099       287.754295295       288.252829704       288.915856173       289.634691502        290.17859271       290.439322351       290.328904343
    0.0091126567468       287.970604238        287.49147441       287.295598272       287.484728754       287.931838447       288.579512505       289.328704462       289.964041834       290.345300024        290.36414969
   0.00914121028521         287.9404324       287.401360261       287.137250909        287.22460906       287.617408105       288.251990445       289.020729536       289.741775153       290.227146362       290.379981275
    0.0091698146576       287.862217786       287.316125957       286.983448826       286.997366242       287.332576729       287.930286394       288.691119707       289.497303618        290.09042117       290.368901475
   0.00919848678303       287.876272586       287.239159098       286.853464677       286.798475597       287.076118067       287.640145278        288.37890645       289.244732973       289.921734129       290.322164663
   0.00922724547931       287.903018168       287.251283405       286.801985056       286.637407619       286.854284611       287.362450506       288.077578518        288.98617167       289.745916246       290.257426406
   0.00925606126415       287.929713434       287.272134067       286.809276747       286.546435775       286.681783752       287.118440094       287.796586486       288.711844674       289.551301504       290.168003949
   0.00928495228522       287.960834876       287.313056429        286.78380934       286.462587239       286.535610262       286.905117021       287.543963567       288.456950456       289.337090928       290.043271093
   0.00931392784138        288.02358368       287.381145664        286.79549673       286.441180483       286.423130622       286.714616144       287.326808568         288.2096056       289.111300005       289.907520941
   0.00934287469031       288.114298666       287.484774999       286.845456389       286.470755051       286.360871239       286.581399472       287.128028064       287.971910459       288.888232414       289.751058262
   0.00937181388839        288.17358127        287.55217582       286.932093249        286.51942909       286.332097149       286.475552148       286.956624673       287.762028536       288.673672414       289.581789614
   0.00940072671703       288.313382782       287.667616264       287.073034778       286.603874988       286.348011372        286.40296583       286.814968933       287.567773571       288.467276602       289.404844099
   0.00942958517806       288.413858738       287.859117206       287.257983355       286.730277078       286.413743513       286.385621431       286.716894292       287.396305396       288.269371254       289.214555223
   0.00945855460925       288.539057573       288.028071216       287.442001814       286.905651924       286.533750311       286.420394504       286.663779941       287.255363074       288.078169831       289.026988627
   0.00948761629497       288.646069764       288.220315921       287.656691154       287.089821061       286.673598072       286.494013403       286.649118411       287.142064189       287.909426451       288.846560591
   0.00951664687457       288.784880336       288.426674114       287.894128678       287.318304921       286.850545517       286.588777592       286.650418079       287.056128097       287.755046984       288.661128709
   0.00954571973835       288.855691555       288.635017212       288.132751022       287.574885785       287.068785226       286.744319448       286.704477602       287.001806491        287.61499829       288.477742163
   0.00957487386882       289.001046862       288.847003662        288.39560156       287.839630187       287.287380046       286.910861401       286.798945646       286.990870183       287.503501327       288.303168788
   0.00960407073346       289.155092413       289.019899566       288.638302071       288.106178715       287.536474146       287.108479428        286.90280384       286.991281658       287.417385331       288.137025858
   0.00963320686282       289.262361298       289.241502929       288.942833125       288.408625981       287.814077153       287.350966754       287.051658895       287.028852311       287.342816343       287.984531698
   0.00966226499794       289.346005761       289.430851666       289.220697317       288.724678237       288.128047797       287.613452467       287.230917399       287.102414086       287.313827988       287.852906695
   0.00969138786573       289.457056678       289.637428985       289.500565901       289.036064331       288.433836398       287.892120191       287.430518802       287.204984714       287.308196439       287.736255237
   0.00972048693446       289.570064884       289.792122316        289.75910613       289.351334387       288.758611697       288.176421779       287.647989224        287.32904154       287.319532056        287.63750029
     0.009749616183       289.662735374       289.979378517       289.986839071       289.637563708        289.08247592       288.491560544       287.894968827       287.462896396       287.356150215       287.564576735
   0.00977869044765       289.683839145       290.125086129       290.202042189       289.942882278       289.389337677       288.778330635       288.139983269       287.628769983       287.425071553       287.517342748
   0.00980774434172        289.75330555       290.236491269       290.373435965       290.224934735       289.717857439       289.076030049       288.395834184       287.804674677       287.504882216       287.488084247
   0.00983695789917       289.773562851       290.332103403        290.55092624       290.459148517        290.00590241       289.377640192       288.681186179       288.009802325       287.598555862       287.475037348
   0.00986613589592       289.773808512       290.366924457         290.6615987       290.657729169       290.293399453       289.673397839       288.945278568       288.228962038       287.723629892       287.493382628
   0.00989529015891       289.725561847       290.384717889       290.778202672        290.83468434       290.544548243       289.967865321       289.202574202       288.460787983       287.863174192       287.529470057
   0.00992450653848       289.718906009       290.397068909       290.855077829        290.98800425        290.77172479       290.240328162       289.465375706       288.704496777       288.025436725       287.573930998
   0.00995374817396       289.710840882        290.36858448       290.909467844       291.101649442       290.948621543       290.486011784       289.726988514       288.940319589       288.208611728       287.650627536
   0.00998302106061        289.69546299       290.340724774       290.898764421       291.167452931       291.100461722       290.698866275       289.969499578       289.165952216       288.395696535       287.739604434
    0.0100123308317       289.660005095       290.268077099       290.826026184       291.192301511       291.199184867       290.873777778       290.197205512       289.383004799       288.577464352       287.847981685
    0.0100415393579       289.568980432        290.18419296       290.761556417       291.185422984       291.254301242       291.005628194       290.394803811       289.592755285       288.759349643       287.972002187
    0.0100706755337       289.477571199       290.060423869       290.650964089       291.144858499       291.279588779       291.106676849       290.573363914       289.787016655       288.932521139       288.101705784
    0.0100997788638       289.344347907       289.924253018       290.518197415       291.041604118       291.261491099       291.171086687       290.729392796       289.986951173       289.109506766       288.244035039
    0.0101289191632        289.27874951       289.766797692       290.363551671       290.910791574        291.20693172       291.189156768       290.851072932       290.163933256       289.291095584       288.410727143
     0.010158033724       289.169254891       289.609465298       290.175417011         290.7319193       291.101665683       291.164869483       290.924086434       290.312121315       289.463324226       288.575049552
    0.0101871140656       289.024224138       289.402423155       289.944686406       290.538574056       290.952605459       291.097642196       290.955588385       290.431649056       289.629417001       288.754995167
