# Probe 0 (0.00909091 0.05 0.02)
# Probe 1 (0.01818182 0.05 0.02)
# Probe 2 (0.02727273 0.05 0.02)
# Probe 3 (0.03636364 0.05 0.02)
# Probe 4 (0.04545455 0.05 0.02)
# Probe 5 (0.05454545 0.05 0.02)
# Probe 6 (0.06363636 0.05 0.02)
# Probe 7 (0.07272727 0.05 0.02)
# Probe 8 (0.08181818 0.05 0.02)
# Probe 9 (0.09090909 0.05 0.02)
#             Probe                   0                   1                   2                   3                   4                   5                   6                   7                   8                   9
#              Time
   0.00945854825163       5491.24275751       5493.49150852       5499.81657153       5507.85077844       5517.08109984       5526.62379069       5537.61316575       5549.36324087       5561.47106152       5574.12894431
   0.00948759510053       5490.11049309       5494.92767677       5501.24147065       5508.85023789       5518.29026772       5528.62553878       5539.78656834       5551.14074695       5563.02759104        5575.2859035
   0.00951671721825       5492.58321973       5498.85154761       5505.02613835       5512.75273535       5521.31794951       5530.64031709       5541.49385922       5553.09862922       5564.75588406        5576.1749775
   0.00954583412026       5494.88578444       5501.24622396       5508.95933764       5517.23727284       5526.49554348       5535.53172576       5545.19176293       5555.55761356       5566.53752273       5577.30588271
   0.00957499310901       5503.99727676       5509.46234081       5514.78920925       5522.21675229       5530.79079589       5539.76021856       5549.81950328       5559.70601686       5569.18951742       5578.67297728
   0.00960410376704       5509.20328346       5514.32960898       5521.71349517       5529.01670881       5536.62341136       5544.87633465       5553.87363922       5563.10430476       5572.08275535       5580.07490254
   0.00963318208458       5517.17289369       5522.63112321       5529.08725947       5536.17736049       5544.41270657       5552.07503481       5559.78104474       5567.31890794       5574.40848569        5581.6588062
   0.00966237603224       5528.77794352       5534.58790499        5540.3217255       5546.31200338       5552.62608363       5559.04890383       5566.04900443       5572.29950096       5578.33010412       5583.73482333
   0.00969162513694        5540.3937341       5545.19141064       5549.89093891        5556.1259071       5562.06187914       5567.42267909       5572.22639509       5577.22107708       5582.00105916       5585.68748301
   0.00972078808842       5550.53243591       5555.58870817       5561.33401191       5566.12515441       5570.52026289       5574.68836752       5579.08947613        5582.8099089       5585.17095893       5587.26446599
   0.00974999870707       5563.97612173       5567.58512777       5572.08835836       5576.12681223        5580.2771231       5583.25317523       5585.73607201       5587.37378439       5588.78935247       5589.37219026
   0.00977928645462       5575.02648221       5579.74723389       5584.18610133       5586.92879835       5589.34119227       5591.32638678       5592.49294349        5592.8061443       5592.44715687       5591.46563055
   0.00980849103932       5591.67541523         5593.269552       5595.05425949        5596.9679816       5598.53357687       5599.02835565       5598.84645037       5598.19103053       5596.38351977       5593.26201356
    0.0098378179547       5600.37063853       5604.44868796       5607.26889788       5608.15664163        5607.7506159        5606.9088675       5605.42345257        5602.9231669       5599.41553549       5595.26095636
   0.00986713497353       5615.69482272       5617.18505839       5616.86138657       5617.03211106       5616.51031302       5614.89882789       5611.92360126       5607.74670531       5602.77122097       5596.82966154
   0.00989632528964       5626.84472935       5627.78238217       5628.66304445       5627.47149279       5625.24807823       5622.13852417       5617.78975469       5612.39022784       5605.97018864       5598.45431915
   0.00992545608201       5638.49394052        5638.7799657       5637.80225757       5636.32162902       5633.43286316       5628.98296975       5623.41635228       5616.71144651       5608.63200922        5599.8723786
   0.00995469369342       5648.78392729       5648.60711775       5647.13312154       5644.20461334       5639.80941074       5634.99658004       5628.28070272       5620.10581149       5611.20836881       5601.48989311
    0.0099838387141       5656.73273507       5657.20889256       5654.99717752       5651.63660352       5646.42573841       5639.74383126       5631.64763638       5622.90229562       5613.11749898       5602.34983319
    0.0100130899847       5665.17149079       5664.84578211       5661.12296164       5656.37796718       5650.41869606       5643.54120719       5635.05729198       5625.27139691       5614.44567144       5602.66703687
    0.0100423674169       5672.76819375       5670.93607626       5667.16327623       5661.64201498       5654.40588879       5646.39415048         5637.193074       5626.87238597       5615.37287766       5603.50247287
    0.0100716131598        5677.4261132       5674.27828515       5669.90019836       5664.49788526       5657.40646817        5649.0861347       5638.98672467       5627.69280044        5616.0711622       5603.76247249
    0.0101008373464        5681.9950432       5678.66782621       5673.21506938       5665.73346087        5657.8057904       5649.38979161       5639.23128921       5628.26719998       5616.28430164       5603.53394843
    0.0101300015373       5683.23831827       5678.78538291       5674.17495091       5667.84033543       5659.15559968       5649.39577071       5638.92829259       5627.66503936       5615.58345947       5603.45760676
    0.0101589161372       5682.00458768       5679.20497426       5673.16944378        5666.2591453       5658.30632616       5649.35662881       5638.32339146       5626.50754743       5614.75471621       5602.65646028
    0.0101879711088        5682.5321768       5678.05159881       5671.34968124       5663.70876948       5654.93007327       5645.93907466       5635.94566749       5625.15262682       5613.56983956       5602.00769267
    0.0102170205721       5676.84108773       5672.13616274        5667.0093628       5659.95719024       5651.30723552       5641.94893241       5631.92378412        5621.8608399        5611.6487773       5601.17801915
    0.0102459327021       5673.70734113       5668.98977096        5662.6344472       5654.66312531       5646.56492286        5638.2973748        5628.8209067       5618.90643281       5609.10188283       5599.42052504
    0.0102748456427       5669.05554206       5664.18270675       5657.54644565       5650.25450071       5641.79736696        5633.5324119       5624.86791737       5616.03600652       5606.85213375       5598.14688459
    0.0103036772968       5661.38682869       5655.96164541       5649.70619595       5642.90573456       5635.87346114       5628.27797471       5619.92362856       5611.71136891       5604.04519523        5596.7231524
     0.010332435829        5651.9660547       5647.05558652       5641.47365311       5634.86830152       5627.97333896       5621.44055991       5614.57510173       5607.47057128       5600.80893614       5594.89855173
    0.0103611389251       5643.25903134       5638.45085584       5632.88670615       5627.05089406        5621.0704147       5614.74217335        5608.4162343       5603.03268137        5598.0388571       5593.38129166
    0.0103898025827       5631.86940867       5628.14704671       5623.58466837       5618.25274885       5612.44454197       5607.57912411       5602.85152197       5598.29907195       5594.52920115       5591.61390776
    0.0104184381693       5622.17342332       5618.99002018       5613.98283457       5608.62650845       5604.07531221       5600.01760146       5596.29488368       5593.53258351       5591.19392909        5589.5064951
    0.0104470625711       5611.15861664       5606.76323457       5601.94017421       5598.90449672        5595.6598012       5592.66412158       5590.29760139       5588.43439281       5587.65091236        5587.8877698
    0.0104756946795       5599.47771563       5595.39614501        5592.3854104       5588.90134233       5586.21417231       5585.08966283       5584.28654467       5584.12408352       5584.70443994       5586.08234018
    0.0105043495077       5586.16722044       5583.96767187        5580.9468852       5579.03693733       5578.16125348       5577.29998061       5577.53644106       5579.12294056       5581.46144609       5584.57210661
    0.0105330407085       5574.39185566       5572.72683646         5570.686771       5569.77452618       5569.30529392        5570.0829448       5571.89305634       5574.25670608       5577.80208598       5582.45973531
    0.0105617900395       5563.79107243       5561.51573123       5560.70405492       5560.59429947       5561.50124484       5563.43742384       5566.25600033        5570.2283185       5575.12969643       5580.97241105
    0.0105906155592       5552.68433538       5551.72113135       5551.39137502       5552.18814872       5554.43179741       5557.09252811       5561.08923131       5566.40693945        5572.8172041       5580.08820853
    0.0106195004181       5543.98863111       5542.55475792       5542.69520841         5544.619903        5547.2768098       5551.28746182       5556.72704367       5563.03426123       5570.40757379       5578.65694045
    0.0106484109533         5532.853894       5533.59825743       5535.27090569       5537.59548715       5541.44318409       5546.36481183        5552.7346584       5560.41162892       5568.69505836       5577.63652857
    0.0106773875545       5523.45013957       5525.07964672       5527.06342997       5530.79820011       5536.03239374       5542.05639887        5549.5345648       5557.79858106       5567.20562896       5577.34461142
    0.0107064118482       5518.54997616       5518.95330701       5521.47137978       5525.80576948       5531.45335151       5538.22726705       5546.49652974       5555.87668084       5565.86029148       5576.30333017
    0.0107354016071        5511.5043323       5513.71048078       5517.53299488       5522.43977042       5528.95488736       5536.18469647       5544.83654255       5554.41069546        5564.7875156       5575.67542204
     0.010764493215       5507.93499392       5509.77265388       5513.77847442       5519.21143079       5526.40447157       5534.60504742        5543.8780613       5553.82385861       5564.33341099       5575.73915681
    0.0107936091576       5502.78755536       5506.82165617       5511.88360391       5517.90031574       5525.27205115       5533.07216878       5542.61871547       5553.19940595       5564.45648874       5575.81235254
    0.0108226437233       5502.34803786       5504.83937363       5510.40960627       5517.37255555       5524.78130426       5533.14554206       5542.74016204       5553.16449336       5564.39502059       5575.89499172
    0.0108517105906       5502.00405709        5506.2565291       5511.09467547       5517.44027337       5525.80849894       5534.71429836       5544.36562593       5554.69381345       5565.28228852       5576.20596491
     0.010880729318       5503.21132447       5508.02235442       5513.27850765       5520.24045111       5527.86968307       5536.39181689       5546.61683238       5556.97748985        5567.2895017       5577.48887411
    0.0109097737732       5505.96714046       5510.26220935       5516.13538829       5523.40929195       5531.51520747       5539.89202733       5548.86104399       5558.64288683       5568.79709436        5578.6649776
    0.0109388244123       5511.66174162       5514.46302473       5520.63913514        5527.3187477       5535.15735672       5543.41056844       5552.49379309       5561.37409293       5570.13367874       5578.89506683
    0.0109679935469       5515.79526152       5520.65052321       5527.23608374       5533.28474931       5540.79971336       5548.12970522       5556.08305603       5564.40321526        5572.6055159       5580.36406128
    0.0109971253423       5523.08547097       5528.05725657       5533.60852929       5540.56067145        5547.3220721        5554.0039599        5561.0446576       5567.96422284       5574.86211071       5581.86246578
    0.0110262156586       5531.01321552       5536.36601471       5541.82344138       5547.53621823       5553.65985065       5559.91190202       5566.20873199       5572.38115943       5578.14164767       5583.27471319
    0.0110552863237       5540.49606016       5545.03991632       5550.06377717        5555.2797017       5560.54918401       5565.73740132        5571.2553002       5576.41829621       5581.21911087       5585.55194838
    0.0110844496291       5550.29167625        5554.1911781         5558.673346       5563.44540433       5568.46254583       5572.69767856       5576.72491699       5580.63747983       5584.19489052       5586.80146341
    0.0111135190122       5560.20426655       5564.54866142       5568.17068386       5572.01917057       5575.71877706        5579.2038096       5582.63829807       5585.24309639        5586.8792842       5587.99444733
    0.0111427443588       5573.33239426       5575.31668934       5578.44794266       5581.30040066       5583.80663379       5586.01831729       5587.84971117       5589.10892833       5589.68814026       5589.82208394
    0.0111720475967       5583.88923235       5586.38497247       5589.52159905        5591.6974328       5593.26690104       5593.98743528        5594.1568488       5593.73959048       5593.04626234       5591.67074602
    0.0112012901329       5592.53992235       5596.53385932       5598.66072798       5600.44576004       5601.56576364       5601.80037591       5600.93610762       5599.35365092       5596.93699015       5593.68636643
     0.011230485005       5603.42227343       5606.34040333       5607.92178415       5608.56729487       5608.72024713       5607.99174166       5606.54351634       5603.97423678        5600.1730799       5595.42272405
    0.0112596276147       5617.16977902       5618.38253501       5618.40581615        5618.1842426        5616.6634538       5614.29778899       5611.16777984       5607.24043006       5602.47421586       5596.70244845
    0.0112887080972       5626.53223709       5627.25291992       5627.46012597       5626.01233764       5623.84083049       5621.05375941       5616.58850235       5611.11631086       5604.81115798       5597.87015806
    0.0113177906605       5634.36844155       5635.17883187       5635.21761128       5633.23603807       5630.25142746       5625.87866082       5620.81370777        5614.6873441       5607.39955089       5599.18317379
    0.0113469208868       5645.62953216       5645.97011363       5642.95156115         5639.714395        5635.7461878       5631.00430513       5624.53701985       5616.98621666        5608.8378517       5599.90211332
    0.0113760805587       5654.14610368       5652.61420549       5650.27923806       5646.68389159       5641.02674537       5634.77575969       5627.55447267       5619.43574189       5610.08677131       5600.44894137
    0.0114052977669       5657.77898689       5656.18288064       5653.87313713       5649.92172871       5644.77900417       5638.34061548       5630.08808775       5620.88999357       5611.48770968       5601.41522771
    0.0114344891293       5664.69265966       5662.43252866       5657.82413735       5652.66967144       5646.79783245       5640.07158171       5631.79813818       5622.62990603          5612.47918       5601.75546858
    0.0114637009964       5667.44773219       5665.47630076       5661.92016054       5656.58016859       5649.14638006       5641.21033165       5632.69783903       5623.40216574       5613.16672089       5602.20796967
    0.0114929150737       5669.76120912       5666.54057246       5662.52963291       5656.75716926       5649.93207213       5642.31896964       5633.10748948       5623.24702792        5612.9558539       5602.01845734
    0.0115220432675       5669.34044031       5666.73274673       5661.82006235       5655.65295719       5648.96665793       5641.37146718       5632.48262349       5622.56234787       5611.81341895       5601.01243312
    0.0115511905429       5673.17138374       5668.13867673       5662.00266262       5655.67161451       5647.93110757       5639.81552528        5630.7314001       5620.85307969       5610.62748226       5600.36272183
    0.0115803828335       5668.88688394       5665.28045659       5660.69490588       5653.93226684       5646.13505613       5638.17427778       5628.73682886       5619.03963917       5609.39603111       5599.93380118
    0.0116094919988       5666.79158888       5660.76873697       5655.65586464       5649.82793642       5642.65373421       5634.44062116       5625.73637996       5617.04354172       5608.17814562       5599.18889842
    0.0116385162459       5664.01063098       5658.23975409       5652.25679601       5644.96334078         5637.580536         5630.449923       5622.47921455       5614.10749873       5605.95829376       5597.90354577
    0.0116674688737       5655.92055495       5652.45072478        5647.3230479       5641.05792772        5633.6313689       5626.15454652       5618.69767441       5611.29402341       5603.66095163       5596.33150929
    0.0116963595106       5647.79193161        5642.4640327        5637.5463101       5632.73633012       5626.88752351       5621.01018648         5614.299299       5607.52414353       5601.13924057       5595.23107602
    0.0117252023828       5641.65678153       5637.36366091       5631.71823992       5625.50153351       5619.65158226       5614.30665811        5608.8291731       5603.41183146       5598.29481263       5593.74377234
    0.0117540003013       5633.81238555       5628.85392988       5623.99321826       5618.94084113       5613.64369758       5608.60896911       5603.66467303       5599.27640306       5595.56566732       5592.12223446
    0.0117827617217       5623.84255611        5619.0687176        5614.3373404       5610.29607504       5606.15622789        5602.1179999       5598.48737069       5595.38906915       5592.52375582       5590.31570154
    0.0118115027089       5613.38003712       5608.44528924       5605.19895825       5601.53147267       5597.97917798       5595.38728606        5592.8586385       5590.53023736       5589.09391801       5588.59375249
    0.0118402322194       5601.98911474       5600.23358058       5597.20194973       5593.76021413        5591.2916641       5589.00468454        5587.2326818       5586.31654536       5586.07256629       5586.86344121
    0.0118689695901       5590.48570934        5588.4651804       5586.47690719       5585.73395341       5584.09987258       5582.76988402       5582.21998823       5582.48220072       5583.92830592       5585.93375087
    0.0118977263652       5582.53464239        5579.5104737       5577.49077483       5575.91479711       5575.29973315       5575.87607166       5576.84712946       5578.84378378       5581.44404944       5584.84043508
     0.011926505042       5572.77061114        5570.6139528       5569.45489054       5568.23985815       5568.40277537       5569.37251838       5571.80034186       5574.86897684       5578.68542749       5582.84399978
    0.0119553178288       5561.43157847       5560.99413697       5559.90316932       5560.59916062       5562.05166011       5564.28560131       5567.46593845       5571.59061972       5576.15443824         5581.559012
    0.0119841843875       5553.90031206       5553.16970047       5552.87540123       5553.75736304       5555.53876965       5558.65426026       5562.73876013       5567.66420214       5573.68548041       5580.81625966
    0.0120131087265       5543.16495011       5543.69576979       5545.38911789       5547.52472042         5550.637681        5554.1798342       5558.84817452       5564.56440164       5571.52249443        5579.0550699
    0.0120420271255       5536.53575728       5537.09987829        5537.8940777       5540.88048775       5545.32178194       5550.16904847        5555.8793598       5562.70730108       5570.15528912       5578.33535466
    0.0120707658704        5530.6625894       5529.77904864        5533.3498662       5536.31172454       5540.22698982       5545.68696703       5553.00506801       5560.90786187       5569.19631742       5578.50737306
    0.0120995914581       5523.95834131       5525.97980353       5528.47576401       5532.37365625       5538.02109947       5543.78462294       5550.69766621       5558.83144149       5568.42037169       5578.01484841
    0.0121284554046       5517.82139472       5519.97682062       5523.20181481       5528.02384631        5534.1119423       5541.48167746       5549.63837522       5558.53946287       5567.74984594        5577.2595182
    0.0121573921225       5516.62325046       5518.53112925       5521.94908758       5526.95289647       5532.90340157        5539.4182606       5548.14113153       5557.78705564       5567.36798157       5577.34830663
    0.0121864291915       5513.25153746       5516.44432382       5520.89498509       5526.12448384       5532.86511616       5540.58922384       5548.88279204       5557.47413258       5567.18461086       5577.26207909
    0.0122154523189       5512.84182219        5516.5859391       5520.69971681       5526.67749094       5533.53019548       5541.06128307       5549.78391387       5559.03358858       5568.22822923       5577.80566995
    0.0122444543781       5512.73530511       5516.09081913       5521.42809887       5527.84484988       5535.11161067       5542.54517473       5550.67774484       5559.54507732       5569.13106604       5578.62553704
    0.0122735786493       5515.55869917       5519.53202756       5524.43807856        5530.0819566       5537.17317331       5544.60550085       5552.83905725       5561.28747248       5569.86097844       5578.65522758
    0.0123026725635       5518.77918545       5522.24560652       5527.45890309       5534.04170563        5540.4701933       5547.23388631       5555.26045673       5563.67907796       5572.01553915       5580.12932246
    0.0123315022856       5522.04991983       5527.13285253       5532.34799587       5537.66533429       5543.97678709       5550.86443355       5558.17108024       5565.80617132       5573.76303359        5581.3838588
    0.0123605090825       5527.15879673       5531.37436458        5535.9394493       5542.22487054       5548.63246771       5555.00507577       5561.94880275       5568.88324065       5575.44577842       5581.62666485
    0.0123895345541       5533.07337977       5537.04946252       5543.10948993       5548.11043497       5554.09009568       5560.23110038       5566.53249524       5572.48049924       5577.94109914       5583.37225334
    0.0124186134778       5541.20670201        5545.3046111         5549.285592       5554.40674265       5560.16885269       5565.25267722       5570.63777558        5575.6660667        5580.5984856       5584.95341332
    0.0124477961552         5551.370241       5555.39085351       5558.38943209       5562.49587859       5566.46179091       5570.76516619       5574.91575928       5578.88528833       5582.50489551       5585.69531309
    0.0124770586785        5557.9450713       5561.87093048       5566.54416819       5570.70122446       5574.30053114       5577.23546703        5580.0423027       5582.81223405       5585.22751341        5587.3397286
    0.0125063006147       5568.78168277       5571.80798264       5575.15105714       5578.24770243       5581.20481823       5583.58102497       5585.77203343       5587.40537927       5588.67735379       5589.34199244
    0.0125355271815       5577.54371839       5581.17326794       5584.00396991       5586.20841878       5588.21275549       5589.84507706       5591.08177532       5591.93823551       5591.84773135         5590.771366
     0.012564779617       5588.07552738       5590.77494421       5592.79986713       5594.64432708       5595.84457045       5596.55582164       5596.81265456       5596.01754663       5594.39217906       5592.40036848
    0.0125940132992       5598.11448368       5600.25499245       5601.26958769       5602.10861717       5602.83399871        5603.0113472       5601.90987076       5599.96021773       5597.41268699       5593.89850593
    0.0126232963962       5605.85841985       5608.19730308       5609.36058273        5609.9016525       5609.44095803       5607.85372458       5605.87254114       5603.29124238       5599.65585529       5595.11966711
    0.0126525776963       5616.66430459       5618.86423047       5618.42526174       5617.75323923       5616.03971148       5613.69532476       5610.31806612       5605.99984809       5601.05791076       5595.67538139
     0.012681821113       5626.42812939        5626.4119815       5626.33642066       5625.07330031       5622.47366619       5619.16930568       5614.68692422        5609.3225132        5603.2896527       5596.84970789
    0.0127110032462       5633.29219749       5633.82787103       5632.19641307        5629.7591579       5626.91960982       5622.98722946       5617.93207038       5612.10588199       5605.48773693       5598.23576528
     0.012740199696       5640.95513868       5639.39598011       5638.42109977       5636.26852847       5631.74090123        5626.7517222       5620.92460353        5614.2768303       5606.97431471        5598.8970571
    0.0127693344354       5646.13523176       5645.87428434       5643.36596527        5639.2950384       5635.47321648       5630.62120134       5624.02204619       5616.66620502        5608.5031404         5599.852289
    0.0127985291852       5652.61871512       5650.06589672       5647.48560079       5644.01980135       5638.32149254       5632.18804488        5625.7193864       5618.14047379       5609.75764167        5600.4102829
    0.0128276324551        5654.7830315       5654.17756095        5651.3058179       5646.30127983       5641.00071702       5634.89839087       5626.98696447       5618.75084033       5609.74666477       5600.05679507
    0.0128566617224        5658.7400525       5656.79179937        5652.2263193       5647.98463217        5642.4460996       5635.71825763       5628.27166466       5619.37090142       5609.57815549       5600.08112248
    0.0128857628339       5660.12379604       5656.17897068       5653.62753093       5648.65862583       5642.17117612       5635.73378783        5627.5889102       5618.66430954       5609.72966009       5600.24646764
    0.0129148646793       5661.90845347        5659.1788116       5654.14665489       5647.96071799       5641.64663181       5634.14571509        5625.8050724       5617.42968942       5608.52485193        5599.3369969
     0.012944044837       5661.48956366       5657.75789734       5652.71094236       5647.46828147       5640.28911063       5632.73760551       5624.44519034       5615.75034716       5606.97305397       5598.45164891
    0.0129731809589       5658.55418499       5655.02688474       5650.33625608       5644.42154971       5637.60729886       5630.76942648       5623.01824812       5614.65606186       5606.32593499       5598.26954329
    0.0130022580027       5656.45668581        5650.9414112       5645.80521927       5640.16154538       5633.72892542       5627.04936243       5619.76398257        5612.6559781       5605.41686055       5597.65985426
    0.0130312857859       5649.87466186       5645.88550031       5641.64667687       5635.24749592       5629.30569378       5623.07548991       5616.56192174       5609.91877921         5603.053278       5596.46093654
    0.0130602563427       5646.92773309       5641.40639576       5636.08213143       5630.97702673       5625.04705674       5619.16200328       5613.30696117       5606.96654085       5600.80191786       5594.91601662
    0.0130891829761       5636.90527322       5633.95034188       5629.50993618       5624.72597115       5619.65867921       5615.05304051       5609.23022548       5603.69684752       5598.45597835       5593.54771947
    0.0131180716996       5630.16459025       5626.71448183       5622.01149386       5618.09224248       5613.67155425       5608.90316301       5604.40550639       5600.09547172       5595.79843529        5592.4586441
    0.0131469350953       5623.13912585       5618.89963934       5615.54100216       5611.77640223       5607.61809729       5603.69379537       5599.63728275       5595.92964221       5593.43905363       5591.09931872
    0.0131757843444       5615.54022767       5612.50190041       5609.28042183       5604.93928071       5601.40045113       5598.10538578       5595.18745065       5592.97161684       5590.89054674       5589.48753878
    0.0132046372663        5606.1918169       5602.98650061       5599.87109412       5597.43163048       5594.52014096        5592.0890202       5590.37443687       5589.12523917       5588.39662798       5588.26151363
    0.0132335227719       5597.29209125       5594.09354223       5591.53555167       5588.89963873       5587.06008767       5586.20375628       5585.43702394       5585.17353486       5585.66946249       5586.96881824
    0.0132624282258        5587.8417054       5586.73322162       5583.83780068       5582.16302044       5581.21208944       5580.50304019       5580.58998648       5581.55303302       5583.29799428       5585.58283633
    0.0132913647689       5580.56766864       5578.09232884       5576.23993664       5575.37817506       5574.97614678        5575.5517903       5576.73080222       5578.56771973       5581.09372237       5584.27973586
    0.0133203390104       5569.79227706       5568.44424135       5568.01243734       5567.88933127       5568.48488667       5569.57468856       5571.88437882       5575.11902726       5578.78136621       5583.15437158
    0.0133493535633       5562.21668885       5561.43442221       5560.66034946       5561.05942038        5562.5954955        5565.0085749       5568.01120111       5571.57901204        5576.3554933       5582.01909638
    0.0133783222517       5552.11938665       5552.99326387       5553.75598758       5555.17984832       5557.29805454       5560.33708965       5564.43092063       5569.44260944       5575.00602505       5581.10029376
     0.013407305661       5546.62661263       5546.11404037       5546.60718687       5549.00938468       5552.50900881       5556.30745976       5561.00497533       5566.84318685        5573.4834188       5580.52635495
    0.0134363359679       5538.37268885        5540.5400795       5542.16808527       5544.47744016        5547.8480313       5552.40526808       5558.40044246       5564.82811102       5571.71904587       5579.46813352
    0.0134652664428       5534.49576951       5535.06155863       5537.14687233       5540.69744302       5545.08559397       5550.11688247       5556.22197057       5563.21148539       5570.99581112       5579.05154308
     0.013494306561       5529.35261746        5531.0033671        5533.5718453       5537.45406396       5542.61976688       5548.31008858        5554.9228611       5562.31925091       5570.37067619       5579.15810507
    0.0135234084031       5525.69251107       5528.04845947       5531.34602861       5535.48723834        5540.8431008       5546.88379566       5554.02874409       5561.84720809       5570.31089459       5578.78255724
    0.0135524652637       5524.43818114       5526.57574459       5529.91872748       5534.64808098       5540.11088542       5546.31412153       5553.80439826       5561.96408089       5570.16969228       5578.75021767
    0.0135815239568       5524.76748475       5525.32215513        5529.3859427       5534.48036727       5540.32448216       5546.93429643       5554.33283945        5562.2070854       5570.59027046       5579.25288199
    0.0136105869925       5522.97112747       5525.64578085       5529.68062386       5534.66978856       5541.07154758       5547.73863815       5555.13695593        5562.9823048       5571.29994115       5579.71931734
    0.0136396889124       5523.56399273       5526.93646826        5530.9581399       5536.34178219         5542.417219       5548.92706373       5556.37258138       5564.11656889       5572.02906068        5579.7922861
    0.0136688486615       5523.25476269       5528.96445297       5533.69503943       5539.11988157       5544.84623592       5551.13436275       5558.12307126       5565.65697713       5573.03835751       5580.45079649
     0.013697940143       5530.26688228       5531.99263318       5536.03272383       5541.43963372       5547.50309805       5553.62745715       5560.55241791       5567.40685961       5574.34035004       5581.52704721
     0.013727075059       5534.55110242       5536.77604244       5540.98027192       5545.81820332       5551.53252951       5557.32090172       5563.28130794       5569.47395587       5576.21521474       5582.39264884
    0.0137562745817       5536.95083033       5541.45469436       5546.50518607       5551.15548468       5556.23748173       5561.70215213       5567.47658945       5573.18980107       5578.22552055       5583.20893667
    0.0137854733348       5545.71499458       5548.99777823       5552.36301999        5557.0801056       5561.99991369       5566.26677959       5571.13540087       5576.23239208       5580.94872015       5585.03773383
    0.0138147043213       5552.47459647       5554.95368315       5558.97109919       5563.23071491       5567.19436984        5571.3931474       5575.54857422       5579.02871599       5582.62954895        5586.2331594
    0.0138439765847       5559.42598496       5562.99045362       5566.12000028       5569.25734248       5573.03694783       5576.59185239        5579.7416091       5582.77348172       5585.32390797       5586.85655382
    0.0138732616945       5567.14105163       5569.91745922       5573.31530408        5576.6019896       5579.52730061       5581.84770019       5584.27460163       5586.41232089       5587.66586377       5588.79181616
    0.0139025155932       5576.40607276       5578.72535924        5580.8138205       5583.22495947       5585.55119806       5587.33816875       5588.81585298       5589.51303432       5590.08889989       5590.00641432
    0.0139316632403       5582.43610486       5585.69600485       5588.56809438       5590.60689019       5591.98090148       5592.97021141       5593.22451071       5593.09499862       5592.32849083       5590.92811649
    0.0139607926467       5594.04776369       5595.40155787       5596.54854581       5597.50735655       5598.17227202       5598.13965584       5597.73992009       5596.67837861       5594.82543013       5592.57073129
     0.013989750554       5600.80531343       5602.70881396       5603.67800377       5604.05057165       5604.04338391       5603.41004292       5601.75409064       5599.52802224       5597.00912798       5593.63601466
    0.0140188837146       5609.79199945       5610.37011747       5611.09084251       5611.30347362        5609.9701524        5608.1421503       5605.90399722       5602.93916655       5598.89909203       5594.43478917
    0.0140481288406       5618.09642628       5618.54066781       5617.92536813       5616.70692618       5615.37446079       5613.31513125       5609.91661074       5605.76244599       5601.20184328       5596.02223534
    0.0140773631874       5625.21890426       5625.99721024       5625.45247797       5623.42765029        5620.2965093        5617.0773152       5613.30002026       5608.61373863       5603.13330556       5596.95615641
    0.0141066177636       5630.99423124       5630.87138807       5629.76784132         5628.035126       5625.61673599       5621.44848344       5616.17072148       5610.71982705       5604.55442752       5597.45753709
    0.0141357578945       5638.10405786       5636.12169038       5634.03802109       5631.47536466       5627.83966947       5623.90595664       5618.97228195       5612.34506723       5605.03986716       5597.80111067
     0.014164824578       5642.66889703        5641.1479247       5639.23230634       5635.78772307        5631.1857766       5626.24706523       5620.18105784       5613.70087816       5606.39941865       5598.29717589
    0.0141940138686       5644.91560916       5644.76283824       5642.14081111       5638.63375424       5634.16008162       5628.60173939       5621.83146852        5614.5378506       5607.02067802       5599.26177715
     0.014223170689       5648.73468832       5647.05640837       5643.61017999       5639.89070034        5634.7564977        5629.0696103       5622.59202802       5615.20124726       5607.22270077        5598.6646148
    0.0142522505116       5650.33765435       5649.17711855       5645.45493851       5640.67362927       5635.07213844        5629.2246331       5622.24538498       5614.87257896        5606.8629916       5598.35907661
    0.0142813245696       5652.42545413       5650.03510425       5646.24332629       5641.80211352       5635.83618193       5629.16948485       5621.95885678       5614.23001499       5606.04978197       5598.36793673
    0.0143104856303       5653.91429448       5650.39927789       5645.70978838       5639.97040739       5634.33989725       5628.56769873       5621.37254386       5613.46920633       5605.93412064       5598.00020165
    0.0143396651784        5648.3523523       5646.20327658       5642.48015793        5638.1557957       5632.36229405       5625.75901531       5619.01505633       5612.41643785        5605.0359976       5597.44240517
    0.0143686772627       5648.99262569       5645.37228766       5640.14737415       5634.78666061       5629.23962943       5623.78009238       5617.28032023       5610.20615079       5603.33029668       5596.61079483
    0.0143977581104       5644.78892745       5640.58825678       5637.00481101       5632.27957161        5626.6798519       5620.82719903       5614.88816879       5608.74707586       5602.24373833       5595.93303699
    0.0144267733889         5638.976281       5636.31550032       5632.31740527        5627.5320294       5622.60953662       5617.53252949       5611.61422386       5605.79865919       5600.56262833       5595.08066102
    0.0144556412523       5632.78115789       5630.32365071       5626.87626586       5622.50279188       5617.79307063       5613.01127789       5608.07815052       5603.18343317       5597.87716296       5593.23077158
    0.0144845642398       5628.04003204       5625.07186489       5621.40117609       5617.39468479       5613.14472827       5608.70114499       5604.31767533       5599.84770633       5595.87541055       5592.38284982
    0.0145135094639       5624.00830981       5619.68914517       5615.28994703       5611.67083317       5607.94029952       5604.50796236       5600.59733097       5596.94467533       5593.99955108       5591.55146427
    0.0145424545693       5613.85960416       5612.32041516       5609.42675106       5605.44567014       5601.63836957       5598.72480065       5596.00072275       5593.84455842       5591.87423979       5590.20028087
    0.0145713873088       5608.11721499       5604.70932815       5601.49236969       5599.80461983       5597.08259849       5593.98476656        5591.6040574        5590.0847597       5589.16245209       5588.68038783
    0.0146003021885       5600.64710773       5598.62938994        5596.0959285       5592.60059099       5590.40877147       5589.55604451        5588.5144441       5587.50256647       5587.12816087       5587.65542561
    0.0146292558541       5591.24817654       5588.83756791       5587.38061476       5586.51828769       5585.21516103       5583.91856317       5583.94302289       5584.63330904       5585.63617639       5586.97233367
    0.0146582289385       5584.42923477       5582.10383233       5579.74684702       5578.14971793       5578.28690167       5579.26204692       5579.81253218       5580.88477368       5582.91876062       5585.40544402
    0.0146871886827       5575.59934322       5573.48253182       5573.48064034       5573.25467598        5573.2220628       5573.65764817       5575.53478285       5578.01681946       5580.54064809        5583.9152641
    0.0147161799285       5567.72592886       5567.54163594       5566.85123647       5567.27047897       5568.53518361       5570.09719355       5572.08262786       5574.89109378       5578.91310509       5583.58730203
    0.0147451803357       5559.62460315       5559.96604784       5560.44426196       5561.29183273       5562.89613253       5565.34097009       5568.68985794       5572.66791274       5577.33656862       5582.43947273
    0.0147742009002       5554.59344417        5554.2831015        5554.6526717       5556.28951211       5558.46837971       5561.25397435        5565.2239576        5570.2054307       5575.50448261       5581.29943852
     0.014803183895       5549.13939836       5549.59620549       5550.75152463       5552.29984786       5555.15844285       5558.86710848       5563.41166974        5568.3841321       5574.19282664       5580.93753992
    0.0148320588462       5541.49639199       5542.99585617       5545.55263321       5548.15328787       5552.11330343       5556.37997692       5561.51687238       5567.47767214       5574.10089453       5580.98218571
    0.0148609462986       5538.76922099       5539.66974733       5541.29989101       5544.70936185       5549.15168958       5553.94221518       5559.83191361       5566.34391185       5573.31780405       5580.54580487
    0.0148899043722       5536.17781593       5537.39848036        5540.4989867       5543.37560243       5547.30992968       5552.61584388       5558.80062578       5565.63180722       5572.76687371       5580.02106088
    0.0149189105824       5532.18793682       5534.35255625       5537.13154359       5541.89602052       5547.06152678       5552.13513628       5558.25438851       5565.15903135       5572.45838271       5580.27508042
    0.0149479347585       5531.53276156       5533.59159295       5536.74124066        5540.5820753       5545.56084507       5551.65864235       5558.38696302       5565.20021241       5572.55058772       5580.01658038
    0.0149769877944       5530.90312388       5533.45888968       5536.53372453       5541.13676539       5546.49150904       5552.11309225       5558.62168792       5565.65800476       5572.76603253       5580.13220493
    0.0150060355053       5530.87885083        5533.7645307       5537.94100318       5542.15970091       5547.45938196       5553.19261931       5559.51877476       5566.27557557       5573.43797322       5580.91407006
    0.0150351345326        5531.8611984        5534.5801997       5538.81656172       5544.04285869       5549.46556755       5554.67155955       5560.96367617       5567.54791376       5574.61662235       5581.49919318
    0.0150642564912       5534.16962251       5537.16929129       5541.79797675       5546.11147159       5551.40053903       5557.18414168       5563.13148465        5569.5649972       5575.91725924       5581.97498893
    0.0150934062095       5538.70973404       5542.07960795       5545.60811735       5549.63305573       5554.55084522       5559.65282586        5565.7709695       5571.68666522       5577.19845273       5582.84853962
     0.015122582663       5543.33519119       5545.38314913       5548.94414216       5553.69128619       5558.39177808       5563.35966553       5568.51832088       5573.71889947       5579.00700106       5583.91269916
    0.0151517149112       5547.35207417       5550.50983738       5554.47504158       5558.11689498       5562.59642897       5567.14928424       5571.67644594       5576.21506163       5580.69007729       5584.86491101
    0.0151809199603       5553.50521707       5556.20612252        5559.9985269        5564.1177212        5568.1884351        5571.7979254       5575.70958756       5579.38738962       5582.66040254       5585.68732516
    0.0152102078151       5558.67567192       5561.79788858       5565.57476734       5569.09355475       5572.69957587       5576.09642183       5579.23063636       5582.11225654        5584.7615404       5586.92931346
    0.0152394895211       5567.53418077        5570.5741822       5572.73366759       5575.15926267       5577.78963224       5580.37831482       5582.79657326       5584.84214107       5586.50275019       5588.07110053
    0.0152686956196       5574.70522861       5575.69516182       5578.47491826       5581.81989694       5583.85276646       5585.14575348       5586.60994349        5588.0070326       5589.03890833       5589.27401901
    0.0152977678935       5579.66844285        5582.4511661       5585.58636666       5586.63431718        5588.3848979       5590.18297565       5591.07848427         5591.204088       5591.00612759       5590.36512019
    0.0153269506134       5589.29171791       5591.08804113       5592.41503684       5593.77733639       5594.46998089       5594.44442388       5594.65637638       5594.40062025       5593.12219182       5591.45238766
    0.0153561778163       5598.18608749        5599.2661473       5599.12290029       5599.61839247       5599.96520597       5599.82389875        5598.5510874       5596.89467717       5595.28159659       5592.82256826
    0.0153854204075       5604.27174451       5603.82568391         5605.608397        5606.0569871       5605.14322197       5604.08048585       5602.62672692       5600.38560166       5597.05080365       5593.45102793
    0.0154145950192       5610.27855849       5611.50375219       5611.35657969       5610.77756689       5610.08237563       5608.36333028       5605.85363721       5602.72250631       5598.96440841       5594.50785789
    0.0154437404297       5617.44097147       5618.04239564       5617.79049604       5616.58976242       5614.44263184        5612.1838099       5608.89419417       5604.68601586       5600.25525192       5595.53810409
    0.0154728581814       5624.10293318       5623.46304077       5622.66629826        5621.2075342       5618.96876312       5615.53702037       5611.32033599       5606.97296183       5601.89905104       5596.03166418
    0.0155019997935       5628.55222352        5628.4305299       5626.87967903         5624.966407       5621.86435443       5618.40946591       5614.17394489       5608.95486527       5603.00071465          5596.59841
    0.0155311503506        5633.2114085        5633.3397871       5631.54952153       5628.66880923       5624.75928081       5620.67853075       5615.75272429       5610.12789764       5603.85136322       5597.26135739
    0.0155603654576       5637.01161272       5636.24878406       5634.37129027       5631.29395095       5627.54531322       5623.00849092       5617.23661193       5610.88492154       5604.41835027        5597.4413066
    0.0155895252358        5641.6343319       5638.91888276       5636.37668165       5632.72882179       5628.80001544        5623.8396863       5618.12568968       5611.90233371       5604.85977451       5597.44159995
    0.0156185308086       5641.88837962       5640.33514846       5637.54343364       5633.97760726       5629.11214671       5624.01175611        5618.3378682       5611.77488624       5604.76058176       5597.58987341
    0.0156476972309       5644.45217533       5641.80295739       5638.73583817       5634.31592194       5629.48043549       5624.25771717       5617.82262783       5611.17283831       5604.35508512       5597.24179049
    0.0156768640737       5645.14374398       5642.50180894       5639.03894493       5634.75376501       5629.41368038       5623.57933755       5617.35989345       5610.69432544       5603.78972671       5596.88915649
    0.0157059750293       5642.01138003       5640.48292506       5636.64153642       5632.81944682        5627.7677543       5622.55121592       5616.30554819       5609.84919137       5603.24957095       5596.53836538
    0.0157350673059       5641.11905169       5639.05554881       5634.99803119       5630.09981862        5625.4873035       5620.44019011       5614.72051862       5608.71100346       5602.41196196       5596.07574076
    0.0157642274679       5638.41750595       5635.52616744       5632.45294731        5628.6150756       5623.36990527       5618.02537341       5612.72691589       5607.08239595       5601.25849313       5595.59011275
    0.0157933241197       5635.51049458       5632.16023598       5628.48125567       5624.19552351       5620.10506015       5615.71573022       5610.31386916       5604.88467314       5599.82233074       5594.58137756
    0.0158223883828       5631.99620198       5628.67133935         5624.195857       5620.12370638       5615.79813421       5611.53414235       5607.09532224       5602.56359814       5597.79139918        5593.3892575
    0.0158514063354       5626.91582405       5623.55601376       5620.83332126       5616.83081326       5612.20592658       5607.75785547       5603.56590934       5599.56947075       5595.75320992       5592.35090356
    0.0158803352825        5620.4873326       5618.38702322       5615.17995473       5611.53799675       5608.16181483       5604.53674248       5600.59269853       5596.79443607       5593.85177332       5591.39740753
    0.0159093229803       5614.91014627       5611.61856308       5608.56552499       5606.01076264       5602.79670531       5600.03100926       5597.06913371       5594.51309775       5592.23347666       5590.38214618
    0.0159383157309       5608.36463233       5607.00617343       5603.22334093       5599.73618965          5597.15573       5594.99798766        5593.2303758       5591.83576471        5590.4760722       5589.50902154
    0.0159673059987       5601.22895384       5598.62573242       5596.80266552       5595.37626433       5593.07600817       5591.17228165       5589.79426775       5588.82151313       5588.63263788       5588.77443188
    0.0159961271878       5594.53013281       5592.50378761       5590.52979668       5588.29792011       5587.28105821       5586.88089318        5586.4676763       5586.45843989       5586.70235138       5587.38549438
    0.0160249758142       5588.21612052       5585.70923622       5584.09368629       5583.35471334       5582.64192702       5582.01437296       5582.14776389       5583.03391466       5584.40022865       5586.14135122
    0.0160539199382        5578.7346251       5578.63241869       5577.74051118       5577.15211488       5577.20117461        5578.1405956       5579.32061153       5580.52773489       5582.21654688       5584.98324545
    0.0160828839461       5572.91566279       5571.52888314        5571.8661675       5571.92591303       5572.45839823       5573.31813073       5575.10215178        5577.7887868       5581.10451776        5584.5752787
    0.0161118447064       5565.64747467        5566.4439732       5566.31355939       5566.72166899       5568.21796022       5569.80276696       5572.04531344       5574.94455338        5578.7953005       5583.42319436
    0.0161408774812       5562.43060495       5561.14991521        5561.2516818       5562.39112482       5564.04622211       5566.73527216       5569.90090262       5573.59128837       5577.73881107       5582.39154804
     0.016169846804       5556.21291606       5556.57408831       5557.45468482       5558.82717326       5560.94166641       5563.47602942        5567.4397916       5572.26647514       5577.30682904        5582.8263687
    0.0161988632447       5550.64488376       5551.53126984       5552.71970618       5555.21665797       5557.96079333       5561.66956035       5565.76253172       5570.50486531       5576.40231166       5582.36761744
    0.0162279570253       5547.21704514         5547.744565       5549.55631768       5551.64659689       5554.97470737       5559.11648723       5564.21219531       5569.91764234       5575.42455473       5581.23831064
    0.0162569464789       5543.15492094       5544.72839468       5546.97165062       5550.12995379       5553.84771175        5557.9877267       5563.21156579       5568.73774323       5574.71509199        5581.1590939
    0.0162860522721       5541.47071175       5543.51758236       5544.83584038       5548.16455982       5552.32121814        5557.3448757       5562.52445254       5568.13714845       5574.42307149        5581.2612996
     0.016315133849       5537.20391462       5539.47802241       5542.77700094       5546.56314572       5551.17054775       5555.91504006       5561.52253643        5567.7507706       5574.41001182        5581.1879109
    0.0163442348299       5536.53903659       5539.82762882       5542.54646488       5547.01435106        5551.5035093       5556.07576482       5561.70137745       5567.94061968        5574.5602034       5581.13881196
    0.0163733038856       5538.62495839       5540.43587602       5543.55522195       5547.03327665       5551.62138846       5556.97083179       5562.86004355       5568.99665241       5575.21832293       5581.68218708
    0.0164024098549       5540.34180829       5541.55745849       5544.58436468       5548.37920477       5552.86577985       5557.75863517       5563.71201528       5569.89413924       5576.09605293       5582.30293745
    0.0164314346835       5537.56095254       5541.64824953       5545.82580562       5550.23759718       5555.11068324       5560.11641883       5565.33769734       5570.84893584       5576.78718631       5582.48334007
    0.0164604898005       5544.10114928       5545.81993035       5548.78819989       5552.96764864       5557.92080236       5562.82793496       5567.98962772       5573.21675016       5578.05973438       5583.07149872
    0.0164896295289       5546.59556828       5550.22548101       5553.53775766        5557.0869935       5561.18157341        5565.3966832       5570.32335646       5575.08959149       5579.89554694       5584.57449815
     0.016518630542       5551.22622605       5554.20685209       5556.97246351       5560.96283124        5564.6669389       5568.58703305       5572.58162268        5576.8333746       5581.22759246       5585.03761825
    0.0165477662372       5555.37591481       5557.69617284       5561.55361861       5565.16605928       5568.71727502       5572.09685207       5575.64056167       5579.31311879       5582.48688967       5585.49298408
    0.0165769263824       5562.71059814       5564.15610268       5566.87770163       5569.26365933       5572.88015254       5576.06382814         5579.245495       5581.87785837       5584.32481504        5586.8011245
    0.0166060376109       5566.82885027       5569.43896299       5572.20666547       5574.81171693       5577.29819869       5579.79302275        5582.3692522       5584.48402828       5586.42628487       5587.82464926
    0.0166352003951       5573.98544406       5574.97908404       5577.37493009       5579.91656525       5581.91149381       5583.81768138        5585.3711791       5587.12727443       5588.30748181       5588.90886053
    0.0166643467629       5577.45957359       5580.57885401       5582.75175923       5585.07847132       5586.78224051        5587.8811904       5588.78696923       5589.35125327       5589.76124826       5589.90727247
    0.0166935512062       5584.93582222       5587.80523629       5588.63699878       5589.37181948       5590.72407537       5591.94802321       5592.34850267       5592.02295706         5591.282276       5590.04632538
    0.0167227266093       5593.64832521       5593.94871254       5595.26077811       5596.39750523       5596.24067573       5595.51673563       5595.44500396       5594.97187725       5593.42541188        5591.5281464
    0.0167520156027       5598.33075688       5599.61492277       5600.46015284        5600.4147335       5600.92777473       5600.82998266       5599.21035009       5597.03212255       5595.29916294       5593.23144066
    0.0167810425753       5604.91812977       5606.05624515       5606.47960215       5606.43412553        5605.2600256       5603.88636664        5602.3650823       5600.26240232       5597.24686458       5593.35972536
     0.016810195246        5610.5756766       5610.49892643       5611.05652568       5611.04178657       5610.10059304       5608.20261975       5605.31414985       5602.38757605       5598.67926185       5594.34807682
    0.0168393853188       5617.73489697       5617.82357519       5616.88798373       5615.16916157       5613.38849751       5611.37389812       5608.79830006       5604.70558469       5599.94793865       5595.21369385
    0.0168685905622       5622.19634394       5621.33835801       5621.04733134       5619.63145371       5616.87322546       5613.76099237       5609.87733303       5605.63485912       5601.15356985       5595.70220938
    0.0168978282663       5626.05766928       5627.19232226        5624.7624138        5622.3427629       5619.88068844       5616.25012381       5611.54017638       5606.60949459       5601.10723377       5595.50669563
    0.0169270127654       5630.07337828       5628.97248661       5627.47973877        5625.2994877       5621.47099836       5617.54568232        5613.1466228       5607.73808546       5601.95532416       5596.02832373
     0.016955948732        5633.9303416       5631.85850778       5629.54075995       5626.65090807       5623.29958837       5619.07843931       5613.83631717       5608.47643204       5602.71370243       5596.58143806
    0.0169850151631       5636.61133453       5634.22284251        5631.3514356       5627.69568576       5623.48684294       5619.09853649       5614.22203138       5608.68459121       5602.81439524       5596.44836662
    0.0170141381308       5636.29094807       5634.59607666       5632.22896158       5628.70802251       5624.29976187       5619.61388872       5614.17290003       5608.53104257        5602.3503221       5596.16503865
    0.0170433024663       5633.59593785         5633.752118       5631.35245846       5628.06906372       5624.22788307       5619.72304925       5614.53088112        5608.6494019       5602.59187755       5596.32182736
    0.0170724524225        5638.7737973       5635.43607247       5631.48500551       5627.53982541       5623.24040479       5618.76915729       5613.45487178       5607.90503206        5602.1597386       5596.12488156
    0.0171015540349       5635.11344325       5633.57053295       5630.44887074       5626.51789088       5622.14933445       5617.35351924       5612.12753268       5606.66774663         5600.837149       5595.07019586
    0.0171306388835       5634.66199687       5630.36800948       5627.73586493       5624.65684651       5620.23184309       5615.57672562       5610.57709698       5605.23599362       5599.90449489       5594.72403631
    0.0171596431582       5629.35545645       5628.84137848       5626.13770299       5621.59723364       5617.72469393       5613.70011781       5608.64481742       5603.63676427        5598.9438089       5594.39991841
    0.0171886985732       5627.92294419       5625.23587262       5621.75009954       5619.03089679       5614.82531517       5610.37904338       5606.32338633       5602.08398499       5597.66773761       5593.28847857
    0.0172177767964       5624.28496268       5622.02932682       5618.43388504       5614.64049704       5611.01010029       5607.73047633       5603.54502618        5599.7032698       5596.12940119        5592.6160336
    0.0172468052956       5621.46227154       5616.67628155        5613.3905415       5610.44061714       5606.98239506       5603.47734091       5600.53826409       5597.34718313        5594.1862501       5591.81340781
    0.0172758451037       5614.07063776       5611.51916056       5609.46511952       5605.98002661        5602.5227339       5599.82072389       5596.93443258       5594.43715036       5592.61069153        5590.3645627
     0.017304863837       5607.24445702       5606.08387072       5603.17519182       5600.99217289       5599.02749504       5596.56343294       5594.06533871       5592.20891532       5590.29731208        5589.5439914
    0.0173339060729        5599.8190011       5599.45794098        5597.2646206       5595.56857066       5593.54537735       5592.21479686       5591.20556359        5589.8466422       5589.21548004       5588.91790859
    0.0173629065764       5597.61300095       5595.10183267       5593.43184298       5591.34476311       5589.73786735       5588.54949963       5587.51188358       5587.44183247       5587.76590221       5588.13150944
    0.0173918457777       5591.52099188       5588.99724296       5587.09572854        5586.1410046       5585.38793528       5584.83068481       5584.88491248       5585.32329165       5585.94260168       5587.05407642
    0.0174208993952       5583.74610611        5582.1588315       5581.60591929       5580.94928336       5580.68411838       5581.07385434       5581.80327428       5582.79071121       5584.24706468       5586.29701774
    0.0174499638361       5575.72012672       5576.66025358         5576.284847       5576.22720284       5576.78523431       5577.52389038       5578.75130464       5580.40260292       5582.76374868       5585.42952258
    0.0174790450795       5573.18869918        5572.6302571       5571.76827171       5572.33244586       5572.93664756       5574.05939989       5575.80609415       5578.27278643       5581.11429598         5584.341176
    0.0175081033993       5567.83835226       5566.24366627        5567.1073963       5567.45674628       5568.67376136       5570.57991644       5573.15596412        5576.2359225       5579.63262748       5583.79949761
    0.0175371807094       5561.14303018       5562.62558013       5562.89487742       5563.57786585       5565.57576395       5567.84666947       5570.89533032       5574.26241586       5578.55843305       5583.39056292
    0.0175662442892       5557.07290927       5556.90079539       5558.00990292       5560.39724658       5562.69798923       5565.62925333        5568.9214868       5573.19600852       5578.00393969       5582.79741205
    0.0175952835152       5554.29897316       5554.49069883       5555.86123493       5557.46081756       5560.23529807       5563.20013465       5567.37586207       5572.26240214       5577.17739142       5582.63489377
    0.0176243834388       5550.05736991        5551.4727558        5553.3040367       5555.36022509       5558.15684355        5561.9579202       5566.60021938       5571.25247282        5576.6634691       5582.33554507
    0.0176534720016       5547.39234583       5548.00193692       5549.65457401       5552.95964346       5557.01099448       5561.20200596       5565.87274898       5571.19361956        5576.5963442       5582.10451434
    0.0176825483964        5544.1739117       5546.43967544        5549.1036669       5552.19541314       5556.03231665       5560.49377504       5565.47594229       5570.80305016       5576.41971013       5582.39361109
    0.0177115645975       5543.50665452       5546.87603449       5549.43462996        5552.4683397       5556.11091699       5560.22127447       5565.22464434       5570.57168838       5576.30974377       5582.20306436
    0.0177405421561       5544.65693599       5546.37091059        5548.2507703       5552.22359801       5556.49042041       5560.91975081       5565.70953727       5571.00747734       5576.63538424       5582.19068484
    0.0177695744781       5544.24794474       5546.68677831       5550.42827419       5553.61666721       5557.25336687       5561.61037828       5566.71277043       5572.06965236       5577.29536953       5582.87602448
    0.0177986525061       5546.93763291       5548.57184385       5550.99728527       5554.68800596       5559.10627374       5563.28569929       5567.96135187       5572.76202879       5578.06905079       5583.31832163
    0.0178277203565       5547.65257235       5550.42467057       5553.90203279       5556.71391029       5560.51818941       5564.89585962       5569.50454478       5574.34952968       5579.04385431       5583.57280262
    0.0178568289556       5549.72522571       5552.53298923       5555.27254764       5559.53027684       5563.45196742       5566.98692327       5571.35687609       5575.83929091       5580.22448545       5584.62205505
    0.0178860068635       5554.05785919       5556.64053136       5559.10129542       5562.27497656       5565.89100357       5570.07131394       5573.89214664       5577.60610015        5581.4941487       5585.11325512
    0.0179152039124       5558.67764844       5559.97754738       5563.25705935       5566.28519957       5569.27968619       5572.36522585       5576.09022058        5579.8082837       5583.00752302       5585.89075606
    0.0179442641943       5560.41513214       5563.62632157       5566.49086368       5569.42143308        5572.8795619       5575.86483051       5578.69750487        5581.5184364       5584.33129559       5586.89985423
    0.0179733017669       5569.36675924       5570.06758434       5571.74309061       5574.38033801       5576.70033348       5579.04591219       5581.59576759       5583.66326297       5585.45201018       5587.00425257
    0.0180023851769        5570.7829611       5574.38141896         5577.226544       5579.20751764       5581.30134195       5583.18645809       5584.67816304       5586.08425885       5587.15620617        5588.1311199
    0.0180315252106       5577.98984126       5578.79957228       5581.04435907       5583.41124579       5585.41161158       5586.73068036       5587.92274163       5588.63049623       5589.25576921         5589.708793
    0.0180606588042       5584.24060717       5586.40244721       5587.09751117         5588.015829       5589.12409858       5590.11171071       5590.68634212       5591.15266759       5591.28603128       5590.36061876
    0.0180898250084       5589.32733933       5591.86899804       5593.28843821       5593.99601584       5593.83398387       5593.77539832       5593.77093996        5593.6287879       5592.56734309       5591.21752564
    0.0181190514457       5596.17989819       5596.36204106       5597.14813238       5597.79447926       5598.17703987       5597.81708104       5597.03152106       5595.49846155       5593.77889023       5591.69056838
    0.0181482215933       5601.30974141       5601.91892573       5602.37262649       5601.91793086       5601.74368999       5601.28368187       5599.88766184       5597.74521635       5595.12891724       5592.28558993
    0.0181774278816        5606.1030725       5606.38798258       5606.38116245       5606.53052433       5605.64022484       5604.09949625       5602.06324415       5599.59032914       5596.59630017       5593.39177018
    0.0182066810647       5611.16762161        5610.8659912        5610.6751559       5610.05001316       5608.72810495       5606.82552572       5604.11439501       5601.13856718       5597.99914719       5594.17326324
    0.0182358437919       5615.51931781       5615.43055047       5615.33323473       5613.64298385       5611.44325401       5608.96289287       5606.16048788       5602.91502658       5599.02098412        5594.5862075
    0.0182650719236        5618.7866017       5619.16430514       5618.60389777       5616.79501386        5614.4151443       5611.59279235       5608.15547307       5604.19682618       5599.63395586       5594.67182854
    0.0182942975289       5624.56201549       5623.54753449       5621.63880927       5619.54064509       5616.95020105       5613.78173127       5609.74846754       5605.17830143       5600.11119572       5595.00517139
    0.0183235044275       5627.08238409       5625.64577688       5623.52872371       5621.36897361       5618.35217012       5614.98342721       5610.78235898       5605.80044785       5600.71534641       5595.54188726
    0.0183526117982       5626.73157869       5626.59861039       5624.97716623       5622.73934419       5619.22744885       5615.51438267       5611.14070389       5606.47081517       5601.36134586       5595.61987394
    0.0183817702634       5631.25750511         5629.215177       5626.57727507       5623.86250321       5620.43156959       5616.29629281       5611.35740693       5606.34898432       5601.11140747       5595.65939849
    0.0184108439487       5630.26906925       5628.62596602       5626.75301683       5623.67348697       5619.86100929       5615.89996966       5611.56393816       5606.47694788       5600.82012971       5595.25095449
    0.0184399394416       5631.33636563       5629.61764735        5626.7547731       5623.43852706       5619.45658465       5615.25527927       5610.55281446       5605.59843958       5600.64763345       5595.26865705
