# Probe 0 (0.00909091 0.05 0.02)
# Probe 1 (0.01818182 0.05 0.02)
# Probe 2 (0.02727273 0.05 0.02)
# Probe 3 (0.03636364 0.05 0.02)
# Probe 4 (0.04545455 0.05 0.02)
# Probe 5 (0.05454545 0.05 0.02)
# Probe 6 (0.06363636 0.05 0.02)
# Probe 7 (0.07272727 0.05 0.02)
# Probe 8 (0.08181818 0.05 0.02)
# Probe 9 (0.09090909 0.05 0.02)
#             Probe                   0                   1                   2                   3                   4                   5                   6                   7                   8                   9
#              Time
   0.00945854825163       288.538999279        288.02971686       287.440551569       286.901556268       286.529184135       286.413625043       286.656055567       287.249044681        288.07211587       289.020614676
   0.00948759510053       288.644279534       288.221579414        287.65768619       287.086791589       286.670270463       286.488573723       286.642145342       287.136589445       287.904111663       288.842102158
   0.00951671721825       288.769658778       288.439979542       287.896265125       287.315333968        286.84654363       286.583627505       286.644766991       287.051114562       287.749806455       288.656802453
   0.00954583412026       288.807163092       288.624338286       288.131725584       287.573780839       287.063914331       286.739601902       286.699041849       286.997093644        287.61056513       288.473263289
   0.00957499310901       289.022173692       288.864297248        288.38944699       287.834349011       287.282984644       286.907739888         286.7939988       286.986886294       287.498772606        288.29861898
   0.00960410376704       289.133746773       289.032151952       288.657668235       288.112594824       287.530564115       287.105218086       286.898746625       286.987206571       287.413047946       288.132693064
   0.00963318208458       289.201824315       289.222308153       288.914827982       288.396611298       287.816160461       287.350995801       287.047867677       287.024327265       287.337982659        287.98027631
   0.00966237603224       289.349915889         289.4484137       289.231118952       288.722100248       288.115787726       287.605924987       287.229787289       287.099409298       287.309095058       287.847927777
   0.00969162513694       289.450048594        289.63971139       289.503406237       289.049466301       288.446021418       287.894714139       287.425073126        287.19840768       287.303880131        287.73201566
   0.00972078808842       289.559363656       289.796060202       289.763396882       289.348658981       288.757293786       288.179558602       287.654293554       287.326812001       287.312639508       287.631026616
   0.00974999870707       289.650259535       289.939832682       289.981699185       289.646250586       289.087983374       288.489211767       287.891115322       287.458605442       287.355087823       287.558693824
   0.00977928645462       289.688316411       290.087849544       290.198134744       289.950394058       289.402484152       288.790730439        288.14636476       287.623890605       287.417891958        287.51232855
   0.00980849103932       289.768896214        290.22682695       290.366681871       290.220455723       289.716424202       289.079735511       288.405181449        287.81071704        287.50618079        287.48206287
    0.0098378179547       289.768494436       290.309733453       290.556839443         290.4752138       290.017933211       289.378610266        288.67914036       288.008669111        287.60037124       287.477169074
   0.00986713497353       289.836906397         290.3760782       290.669242414         290.6671494       290.304415517       289.687768245       288.953361589       288.230449397         287.7194021       287.487348442
   0.00989632528964       289.775132827       290.408545122       290.803041496       290.858076448       290.563963207       289.981323484       289.215033533       288.470711207       287.863983893       287.521065273
   0.00992545608201       289.788409059       290.433581065        290.87730502       291.004620847       290.787631265        290.25418387       289.476516179       288.713041808       288.027911495       287.573083864
   0.00995469369342       289.781407557       290.439764661       290.918088031       291.105241921       290.957339943       290.492990024       289.734403161       288.947288464       288.215244775       287.652439225
    0.0099838387141       289.691978581         290.3834387       290.913880301       291.176241153         291.1073803       290.697482162       289.968784161       289.169925273       288.399602823       287.741718359
    0.0100130899847       289.622275798       290.302737465       290.869347005       291.195098132       291.199748435       290.870554298       290.196158933       289.386215423       288.576941683       287.843078389
    0.0100423674169       289.563447297       290.203997099       290.810627504       291.199759562       291.257735227       291.004319803       290.397002906       289.595529863       288.754821452       287.968871742
    0.0100716131598       289.427001899       290.060739221       290.694913076        291.13476188       291.283721692       291.113235826        290.58390378       289.795826276       288.936099567       288.104695374
    0.0101008373464       289.382659421       289.933767454        290.56674699       291.010977559       291.250880814       291.163047786       290.734315019       289.994631214       289.117741666       288.249260194
    0.0101300015373        289.27118706       289.757008746        290.38195953        290.89232106       291.203327509       291.180617548        290.85410435        290.16710131       289.291211703       288.411527611
    0.0101589161372       289.127007855       289.602188422       290.155418342       290.709554052       291.104721452       291.178355651       290.939125252       290.317054326        289.46486272       288.575479928
    0.0101879711088       289.053148998       289.442507714       289.941332105       290.504940518       290.944666292       291.109061472       290.967985903       290.450252737       289.639630844       288.761677809
    0.0102170205721       288.901462737       289.203888169       289.688900685       290.273758789       290.758968712       291.002661422       290.940299555       290.536165066       289.804008163       288.957659909
    0.0102459327021       288.821340997       289.015607417       289.439873694       290.005145751       290.541441647        290.87506357       290.900860825        290.59465175       289.948682244       289.143480823
    0.0102748456427       288.724109751       288.838716711       289.212682122       289.748000262        290.31059919       290.706247054       290.828935125       290.627520515       290.080665429       289.331502747
    0.0103036772968       288.588237351       288.649656356        288.96394735       289.459858714       290.056406068       290.511744172       290.717458547       290.610166362       290.184180024       289.506642698
     0.010332435829        288.48999277       288.463470096        288.70235683       289.160988578       289.754720182       290.277675843       290.571703994       290.573079664       290.256918407       289.660189227
    0.0103611389251       288.409716907       288.299435747       288.469630421       288.880350047       289.462262914       290.020627206       290.386102346       290.509952206       290.313711306       289.800626248
    0.0103898025827       288.294006646       288.129828464       288.239775154       288.595377084       289.146139028       289.743835221       290.189377673        290.41255354       290.336040204       289.921776969
    0.0104184381693       288.230019016       287.972492141       288.005772654       288.309496422       288.836966513       289.444864843       289.962635263       290.288150408       290.329032771       290.018009025
    0.0104470625711       288.162890205       287.823808237       287.763380558       288.034295474       288.524387645       289.139617526       289.729915665       290.132576184       290.289939528       290.102325779
    0.0104756946795       288.117230733       287.730219934       287.586895463       287.775138971       288.209997258       288.834829822       289.481537515       289.965737536       290.227996394       290.162006861
    0.0105043495077       288.075341656       287.622515439       287.415788697       287.544317351       287.934589498       288.531529208       289.201432875       289.771764798       290.131409677        290.20113928
    0.0105330407085       288.049867296       287.549277895       287.294031202       287.332211755       287.671215409       288.242011751       288.924113954       289.561994716       290.012474961       290.207044643
    0.0105617900395       288.012121636       287.484638499       287.190260601       287.145059494       287.435186295       287.960412974       288.645463242       289.352179367       289.881674585       290.181919506
    0.0105906155592       287.990390862       287.458785822       287.114157372       287.001805359       287.222362744       287.695203936       288.380053513       289.130732994       289.736518851       290.145156858
    0.0106195004181       288.033746004       287.447584991       287.060041104       286.898118078       287.034579178       287.460069463       288.133758002       288.894525164        289.56700651       290.073966796
    0.0106484109533       288.078397076       287.465935839       287.032605485       286.818278142        286.89078339       287.257623468       287.895739078        288.65863254       289.389910917        289.98184638
    0.0106773875545       288.111989066       287.494309702       287.024575279       286.756712209       286.772142362       287.081122501       287.672502299       288.422441404       289.199588141       289.876418543
    0.0107064118482       288.187854534       287.570163039       287.059082314       286.739179339       286.690776218       286.928076935       287.466398542       288.206162973        289.00296398       289.734697782
    0.0107354016071       288.253548263       287.678764312       287.143545476       286.778068781       286.665121281        286.82117277       287.301761985       288.008046394       288.802489595       289.574229323
     0.010764493215       288.361728018       287.781309562       287.233599594       286.831937257       286.658802094       286.745527346        287.16662564        287.83433912       288.611447924        289.41277239
    0.0107936091576       288.427096112       287.911508201       287.366044315       286.925893396       286.681101061        286.69688821       287.044018437       287.671634232       288.434051502       289.246241154
    0.0108226437233       288.519454767        288.03482182       287.509194638       287.039532532       286.738820711       286.699253646       286.957721468       287.526970628       288.260448782       289.076116704
    0.0108517105906       288.610224333       288.197860305       287.686971727       287.175684869       286.842556134       286.747758284       286.916849478        287.41500956       288.102337233       288.904733601
     0.010880729318        288.67329456       288.374654821       287.886603754       287.374419138       286.984326573       286.822233318       286.914128507       287.329426988       287.967897136        288.74521864
    0.0109097737732       288.827717642       288.545835528       288.092400082        287.59910625       287.168297068       286.932442333       286.938401989       287.254860716       287.838202842        288.58741688
    0.0109388244123       288.971443168       288.714266191       288.313881914       287.823401418       287.359544178       287.060840418       287.004231156       287.219523047       287.717692239       288.419583478
    0.0109679935469       289.038069715       288.911555464        288.56016037       288.071713427       287.591376203       287.224735984       287.086274047       287.217497037       287.632138963       288.273315254
    0.0109971253423       289.179470559       289.107297588       288.801831746       288.338786261       287.843154758       287.426513015       287.203371138       287.241606908        287.56186016       288.140876489
    0.0110262156586       289.233857314       289.309182619       289.056764766       288.601406643       288.099340314       287.644169522       287.341747821       287.294078799       287.526642438       288.016162035
    0.0110552863237       289.345606553        289.46486409       289.286580792       288.877894294       288.361333364       287.871136442       287.498938255       287.356745072       287.509988982       287.921378281
    0.0110844496291       289.424040716       289.609142831       289.500253369       289.157755551       288.640197116       288.121506117       287.680199308       287.445313047       287.510807161       287.830111598
    0.0111135190122       289.500313175        289.76307993       289.713051051       289.425928125       288.907584821        288.37340554       287.885891665       287.560888535       287.525670474       287.754456375
    0.0111427443588       289.621909724       289.900741166       289.921582938       289.676326562       289.188525075       288.637129158       288.095419218       287.689316599       287.558506863       287.703602433
    0.0111720475967       289.617125408       290.020346466       290.119215534       289.923423356        289.49224322       288.919891383       288.330789847       287.845184182       287.616347705       287.669181378
    0.0112012901329       289.614632816       290.092147992       290.254980772       290.133502466       289.765336027       289.195463398        288.58577733       288.036281501         287.7029822       287.659521991
     0.011230485005       289.616186441       290.161139617       290.374948975       290.315556614        289.98799887       289.443401142       288.825119997       288.228029057       287.803598539       287.666526267
    0.0112596276147        289.69250742       290.215499008       290.500079346       290.497404135       290.203992756       289.693639378       289.045666078       288.410076688       287.911904342       287.684664129
    0.0112887080972       289.691479713       290.214357312       290.593158428       290.652709228       290.406387102       289.949754219       289.275994756       288.612124156       288.037583801       287.717509375
    0.0113177906605       289.615002711       290.209465671       290.640581162       290.762566405       290.580993354       290.162352325       289.499162374       288.824615436       288.188268384        287.76595498
    0.0113469208868       289.614623873       290.233874818       290.654085496        290.84385816       290.732404782       290.363943964       289.719225053       289.025740957       288.342701107       287.828457807
    0.0113760805587       289.580471379       290.191407322       290.651448718       290.906411487       290.855985403       290.530964411       289.931322457       289.231115167       288.508797803       287.908851989
    0.0114052977669       289.484515887       290.094540873       290.585058015       290.903228111       290.945628487       290.679004237       290.122698653       289.419042895        288.68887096       288.016918072
    0.0114344891293       289.442085804       290.001334543       290.500980803       290.871542677       290.975233693       290.782133869       290.290765328       289.603274655       288.864414069       288.137601451
    0.0114637009964       289.359947473       289.881959938       290.407256264       290.838059216       290.986289066       290.856102111       290.431715307         289.7725348       289.034558723        288.27914148
    0.0114929150737       289.241388958       289.736625504       290.245099443       290.724056091       290.966011827       290.913348673       290.544945611       289.923172054       289.191480473       288.427360461
    0.0115220432675       289.130150347       289.580682452       290.066075159       290.574743789       290.891219342       290.916103087       290.620085724       290.058080957       289.336183905       288.570806896
    0.0115511905429       289.092596551       289.459741633       289.910086417       290.430758983       290.780235099       290.878386476       290.659566732       290.167924477        289.48312611       288.724284821
    0.0115803828335       288.974073677       289.288952815       289.741126375       290.244503184       290.638769951       290.816726091       290.676395307       290.261379555       289.629190773       288.888203583
    0.0116094919988       288.890172734       289.088693112        289.50905398       290.017937131       290.459864915       290.702130144       290.660249706       290.335598494       289.767772747       289.050068238
    0.0116385162459        288.82199719       288.949190287       289.296255706       289.779832051       290.244498271       290.560037301       290.615472639       290.374307713       289.879249896       289.204292979
    0.0116674688737       288.691681008       288.796269998       289.091330969        289.57417191       290.030883803       290.389136044       290.538015471       290.393233452       289.975816699       289.349605248
    0.0116963595106       288.557817218       288.579717717       288.834667373       289.301206731       289.780032351       290.194904367       290.424212976       290.369257918       290.056960847       289.491670181
    0.0117252023828       288.473591193       288.448121986       288.628508756       289.037642858       289.509084581       289.970921484       290.273971145       290.318766992       290.114265829       289.619679692
    0.0117540003013       288.419955376       288.272469535       288.419637986       288.792802949       289.255576618       289.750460305       290.109286949       290.247064478       290.149818656       289.730179458
    0.0117827617217       288.367697548       288.131731465       288.211518795        288.52812693       288.985154503       289.501745938       289.929622468       290.161005844       290.152563797       289.824912951
    0.0118115027089       288.309358659       288.006359668       288.023682398       288.265731585       288.708557347       289.231527922       289.725242585       290.035929328       290.121309635       289.904276266
    0.0118402322194        288.22248153        287.91402199       287.860801245       288.041594026       288.464304011       288.960885895       289.504971361       289.897381003       290.068661259       289.965592747
    0.0118689695901       288.126072874       287.775591337       287.667360019       287.839283669       288.224353312       288.701899139       289.276665349         289.7465095       290.009886668        290.01505301
    0.0118977263652       288.113949945       287.716660754       287.524649611       287.622630179       287.967694332       288.441710058       289.030190428       289.579373233       289.926520184       290.040596973
     0.011926505042       288.133106036       287.687075673       287.439458827       287.457281316       287.735452193       288.190797107       288.781756263        289.39198173       289.819161707       290.026157256
    0.0119553178288       288.129608994       287.626237255        287.33994549       287.313725169       287.524533276       287.969940192       288.552284647       289.201512539       289.692377391       289.995406395
    0.0119841843875       288.188712946       287.611845172        287.28563609        287.19270638       287.332979647       287.748449788       288.322955821        288.99045917       289.550448705       289.951518051
    0.0120131087265       288.166928344       287.609031959       287.260821631       287.106229583       287.197370274       287.552778091        288.10821551       288.779756985       289.393975916       289.867612829
    0.0120420271255       288.210334059       287.653492045       287.248257843       287.032814009       287.088739866       287.379525119       287.917845217       288.586873272       289.238141083       289.773559361
    0.0120707658704       288.254716095       287.701104785       287.272265974       286.999787493       286.994448717       287.218774437       287.744956589       288.398871348       289.078819616       289.670564132
    0.0120995914581        288.28363307       287.806867057       287.303173488       287.005232546       286.960804992       287.119760693        287.58530692       288.207121216       288.914451859       289.538652677
    0.0121284554046       288.341647443       287.863052608       287.364583509       287.026950091       286.919851296       287.045052039       287.450972925       288.046367619       288.744528433       289.400947199
    0.0121573921225        288.43390772       287.978762407       287.486596299       287.115072296       286.933666387       286.985470102       287.319524876       287.890292351        288.57978988       289.261046404
    0.0121864291915       288.499155522       288.089920464       287.612822046       287.218501204       286.982402696       286.995536003       287.241821216       287.748553666       288.419976256       289.115556909
    0.0122154523189        288.60267405       288.239735528       287.762302244       287.354200232       287.048918069       287.014162732       287.195071568       287.648499141       288.282083806       288.971699876
    0.0122444543781        288.68111477       288.367664559       287.921318123        287.49171315       287.157845884         287.0607301        287.16852499       287.549819663       288.148927457       288.834204332
    0.0122735786493       288.820157093       288.537983996       288.103711646        287.64190421       287.290408463       287.130925444       287.181626906       287.476780322       288.014841127       288.684927817
    0.0123026725635       288.908515994       288.655999885       288.294780649        287.83446038       287.455924867       287.224877455       287.219228557       287.435191559       287.914093026       288.558201815
    0.0123315022856       288.971895911       288.820445055       288.503835517       288.036291474       287.631216299       287.348701918        287.27918517       287.407486999       287.826376123       288.441318576
    0.0123605090825       289.057741695       288.957785108       288.688965057       288.263217319       287.824683481       287.493721787       287.363185825       287.412938668       287.752018598       288.308847377
    0.0123895345541       289.120104228       289.113400479       288.904232344        288.49693773        288.03925336       287.674484034       287.469176893       287.447281542       287.703365888       288.205113921
    0.0124186134778       289.206802929       289.277798823       289.082983409       288.730145426        288.27140029       287.867555896       287.586485742       287.497840468       287.672517379       288.112427105
    0.0124477961552       289.333961609        289.47348821       289.312985315       288.983416512       288.507778231        288.08087667       287.727669992        287.56996959       287.648043495       288.013014732
    0.0124770586785       289.387448413       289.582916618       289.519229612       289.235810686       288.771185418        288.31406854       287.900180875       287.669894006       287.652058101       287.933314114
    0.0125063006147       289.465575094       289.698442207        289.70231845       289.462106491       289.020190346       288.551374819        288.09373426       287.790862136       287.690872041       287.873462047
    0.0125355271815       289.493864451       289.790936618       289.867575618       289.671941139       289.261666355       288.782522322       288.283527356       287.923949565        287.75153809       287.823585832
     0.012564779617       289.524405528       289.889564077       290.032072126       289.874229079       289.499441415       289.015988464       288.484051558       288.063558757       287.821112482       287.798063643
    0.0125940132992       289.546459885       289.979046767       290.165058362       290.059477154       289.723247864       289.245303987        288.68723372       288.218235361       287.911537791       287.791716753
    0.0126232963962       289.553505452        290.00628227       290.265223905       290.226705527       289.933228992       289.452942589       288.890370875       288.377572246       288.004833973        287.80199718
    0.0126525776963       289.589244218       290.037337486       290.349422573       290.369322417       290.131187751       289.672738068       289.105557015       288.537994377       288.097058257       287.821481042
     0.012681821113       289.586016371       290.067558861       290.423200044       290.492640317       290.311732081       289.879880952       289.325089037       288.719793596       288.212589096       287.865324808
    0.0127110032462       289.543221919       290.078879448       290.437285406       290.561147243       290.445726643       290.053447514       289.525932528       288.905591834       288.341939997       287.930736215
     0.012740199696       289.518966061       290.031479925       290.432637236       290.630547404       290.559397293        290.21484852       289.713950889       289.089838695       288.473201952       288.002360493
    0.0127693344354       289.455974558       289.981891861       290.388976585       290.627894579       290.643146402       290.377458087       289.894144032       289.278248434       288.617039971       288.094265395
    0.0127985291852       289.363466859       289.894729411       290.352814026       290.634817283       290.691171108       290.491318587       290.043964188       289.450101883       288.771948613        288.19975779
    0.0128276324551       289.303187545        289.81330433       290.288305199       290.596058202       290.720477808       290.595288298       290.171412688       289.599157821       288.916826389       288.305614425
    0.0128566617224       289.293218537        289.70440655       290.164185008       290.536169539       290.705432209       290.647023053       290.293290894       289.737635919       289.059412585       288.428388008
    0.0128857628339       289.197433448       289.553988461        290.04272806       290.439654287       290.647590359       290.660577144       290.374182629       289.851620896       289.205795508       288.563251725
    0.0129148646793       289.113495655       289.449061809       289.901656325       290.323077031       290.575449788       290.629667945       290.426026676       289.950705248       289.330623087       288.687460749
     0.012944044837       289.038945363       289.285275971       289.744239379       290.184875971       290.473209673       290.582123613       290.456524041        290.03336619       289.454487203       288.811842422
    0.0129731809589       288.970312224       289.177992783       289.565823429       290.001687124       290.339971818       290.511782282       290.462807798       290.115069935       289.589113647       288.951476217
    0.0130022580027       288.892717839       289.017707714       289.350868111        289.79685551       290.173532154       290.394258918        290.41836209       290.172688248       289.717330818       289.093032866
    0.0130312857859       288.751344722       288.828856394       289.137998036       289.574331462        289.98067929       290.253088205       290.352293296       290.203336659       289.810300255       289.231164954
    0.0130602563427       288.664726213       288.705801927       288.936685966       289.370594568       289.778800409       290.092897036       290.273563057       290.212153903       289.884411715        289.36210412
    0.0130891829761       288.534117695       288.582244114       288.758436851       289.145340456       289.563301407       289.920682001       290.167329547       290.190701448       289.939258876       289.483288151
    0.0131180716996       288.459951382       288.441518862       288.569472175       288.914117708       289.326516954       289.709061567       290.032802718       290.135058951       289.971120181       289.592091328
    0.0131469350953       288.381782826       288.292661525       288.398134345       288.689635554       289.088857426        289.50326739       289.875158706       290.043758684       289.991179394       289.679712616
    0.0131757843444       288.344237796       288.205325189       288.241077521       288.473969365       288.855207116       289.288024299       289.703776189       289.956210002       289.987862369       289.748252423
    0.0132046372663       288.288251763       288.078150606       288.061735561       288.270857339       288.616747214       289.065980511       289.512003436       289.842655643       289.961967794       289.806665289
    0.0132335227719       288.278763285       287.978972832       287.906451147       288.059098834       288.375659392       288.841578782       289.310332176       289.706787507       289.905273583       289.849930539
    0.0132624282258       288.298903252       287.901091131       287.776513972       287.879514599       288.168929895       288.612874633       289.108271681       289.552524158       289.831148118        289.87372227
    0.0132913647689       288.260230094       287.837474361       287.668425123       287.715101121       287.974955584        288.40322295       288.922077077        289.38971152       289.742348008       289.877631602
    0.0133203390104       288.195155683       287.794403061       287.575908133       287.562723181       287.783458556       288.180628775       288.718628875        289.21724895       289.637340935        289.86149667
    0.0133493535633        288.21310652       287.818032396       287.515361642       287.441081398       287.608675074       287.996394868       288.518195702       289.038090327       289.517447754       289.825125663
    0.0133783222517       288.182268157       287.791351132       287.476878862       287.348577877       287.458990244       287.819176491       288.324426593       288.881822673       289.397926741       289.773392392
     0.013407305661       288.209185483       287.771301324       287.438512429       287.270872158       287.339673375       287.659138333       288.140264512       288.714522064       289.266630825       289.710299069
    0.0134363359679       288.262708182        287.82621954        287.46266808       287.237498497       287.242261425       287.514502739       287.980086015       288.547204881       289.120961276       289.623787804
    0.0134652664428       288.348122774         287.8800967        287.47741223       287.227245537       287.197750199       287.401364933       287.832543166        288.38346506       288.987425205       289.530621164
     0.013494306561       288.363192451       287.947509707       287.523113765       287.233909559       287.175597395       287.316789469        287.70430179       288.228020883       288.848477531       289.434373597
    0.0135234084031        288.44862461       288.027174454       287.606471212       287.279901556       287.178501178       287.257653004       287.590479402       288.087280811       288.710109425       289.318843643
    0.0135524652637       288.504062785       288.139176818       287.713237954       287.361822458       287.204987538        287.23044126       287.501440226       287.963491937       288.564180462       289.198315088
    0.0135815239568       288.625134514       288.256584825       287.838257369       287.467224135       287.258108312       287.238818179       287.439329585       287.851449654       288.425397132       289.077373028
    0.0136105869925       288.723188199       288.397135147       287.965388263       287.588342511       287.327857131       287.258940782       287.397474439       287.757645039       288.296436845       288.950326257
    0.0136396889124       288.786806279       288.517804451       288.098521644       287.735291471       287.422264783       287.299357475       287.379461925       287.683130795       288.177708037       288.812130382
    0.0136688486615       288.814696275       288.614356622       288.269816334       287.902948461       287.553121007       287.372169467       287.390819646       287.632857707       288.072685929       288.679596347
     0.013697940143       288.944205525       288.750919731       288.431508237       288.063550836       287.696916623       287.471617493        287.43422385       287.600652372       287.982684685       288.557927962
     0.013727075059       288.990022128       288.909888742       288.624888593       288.248584598       287.867449128       287.603991715       287.495912289       287.588616542        287.91328521        288.43928636
    0.0137562745817       289.066685159        289.03565633       288.816685428       288.451263509       288.060718781       287.759112162       287.589225516       287.616944075       287.858900605       288.327564317
    0.0137854733348       289.176423082       289.193445872       289.001381025       288.661615165       288.270279083       287.919303226       287.688457461       287.658443397       287.835422345       288.236682822
    0.0138147043213       289.209123895       289.307512632        289.18028331       288.863747382       288.473086554       288.099065462       287.811924552       287.708704785         287.8146687        288.14710248
    0.0138439765847       289.284027968       289.424946368       289.351214538       289.064923091       288.686229051       288.288085513       287.947928778       287.786513232       287.822304757       288.055291391
    0.0138732616945       289.356558256       289.540603666       289.521109804       289.291757898       288.906208281       288.485825534       288.104461103        287.87609812       287.839278413       287.999552361
    0.0139025155932       289.405645526       289.671123675       289.672800977       289.490997378       289.121118899       288.695388501       288.273718383       287.976141942       287.871625495       287.955313563
    0.0139316632403       289.411385644       289.719099283       289.811209485       289.680381244       289.338859518       288.911280393       288.445633442       288.101218363       287.919076931       287.924905064
    0.0139607926467       289.463535864       289.786451696       289.939786094       289.847389908       289.552650824       289.121280974       288.622911097       288.238405115       287.987301007       287.921390367
     0.013989750554       289.488302421       289.840413417       290.047423224       289.996664313       289.743840658       289.322721711       288.803337791        288.37122047       288.065831866        287.92449517
    0.0140188837146       289.493904467        289.86536781       290.134942968       290.145401561       289.906783157       289.509456735       288.999645127       288.519453198       288.148763965       287.933398987
    0.0140481288406       289.483777746        289.91081803       290.177430185       290.255547063       290.062684477       289.694918274       289.201803466       288.670197674       288.245702114        287.96850682
    0.0140773631874       289.451702517       289.947321578       290.214783793       290.352984036        290.18560028       289.850194749       289.389839739       288.829890781        288.34901932       288.013743465
    0.0141066177636       289.425996533       289.917685511       290.215590621       290.397753889        290.31082685       290.007381734       289.558668179       288.991381645       288.457420519       288.070556337
    0.0141357578945       289.423365248       289.864533661       290.197712956       290.406811489       290.374304359       290.135040562       289.719489846       289.147076744        288.56484653       288.142238542
     0.014164824578       289.377971369       289.798585964       290.181210652       290.406994198       290.439327566       290.246313428        289.84611458       289.302425474       288.701662366       288.226436689
    0.0141940138686       289.256437019       289.712210054         290.1279991        290.38090758       290.484172776        290.34415277       289.970936652        289.44614095       288.845337231       288.328844009
     0.014223170689       289.225289578       289.626764217       290.030606121       290.336139803       290.475817867       290.393298807       290.077473985       289.583406747       288.986150964       288.417231348
    0.0142522505116       289.124717096       289.535176145        289.92677485       290.268594109       290.451426539       290.420360116       290.155615652       289.700494658       289.116173807        288.52067716
    0.0142813245696       289.118457115        289.43621999       289.810332845       290.188978891       290.420203407       290.431888212       290.218721283       289.803682825       289.233038357       288.639678857
    0.0143104856303        289.06431903       289.334606427       289.673500482       290.054634994       290.343692375        290.41590118       290.258886715       289.891805598       289.356202904       288.762556992
    0.0143396651784       288.927000667       289.180513566        289.51970325       289.913061389       290.233900314       290.333952873       290.253924673       289.963766702       289.463356887       288.890202121
    0.0143686772627       288.899002821       289.072082674       289.371347114       289.736763953       290.089583518       290.254490734       290.234922347       290.001916124       289.552451626       289.016170037
    0.0143977581104       288.787205811       288.920908576       289.229405102       289.574195049       289.939045915       290.155977213       290.196086622        290.03746808       289.644667622       289.142462882
    0.0144267733889       288.680902601       288.799383781       289.061138223       289.381438632       289.756923219       290.037810173       290.127221578       290.033835648       289.724401466       289.258608377
    0.0144556412523       288.574100328       288.666231961       288.880343964       289.192079577       289.566364063       289.875664733       290.040042749       290.015352472       289.773815717       289.349249744
    0.0144845642398       288.576889351       288.554699237       288.708850254       289.001614309       289.373326985       289.701221854       289.933109484       289.970648215       289.819035717       289.446219682
    0.0145135094639       288.547510619       288.446320183        288.54410135       288.809672721       289.173548948       289.531437016       289.812453564       289.917812982       289.848982671       289.539776747
    0.0145424545693       288.459951233       288.306659745       288.382712719        288.61435651       288.961798191       289.332524312       289.663781937       289.849744521       289.857029663       289.616186702
    0.0145713873088       288.452941685       288.189245777       288.215491538       288.439394299       288.786929005        289.13719034       289.502458215       289.750697009       289.832468041       289.670697521
    0.0146003021885       288.405945864       288.150330933       288.104004641       288.247118321       288.577695503       288.955197424       289.353061226       289.650048267        289.79347126        289.71483566
    0.0146292558541       288.352841138       288.055962687       287.960827569       288.089841373       288.386346397       288.756328752       289.174942291       289.531989289       289.748478767       289.745887726
    0.0146582289385       288.339091452       288.022723375       287.827896038       287.895082057        288.18205078       288.573188796       288.990758143       289.387024379       289.668966898       289.752153752
    0.0146871886827       288.257831136       287.950345085       287.743495166       287.775577419       288.006662253       288.366476046       288.802264475       289.248344509       289.580029529       289.741057482
    0.0147161799285       288.242503804       287.931416351       287.694264111       287.667727115       287.854646087       288.193348615       288.624729221       289.096468351       289.491329322       289.731702079
    0.0147451803357       288.314617857       287.917256597       287.664935328       287.571397305       287.701091239       288.016786227       288.454934061       288.949677933       289.394603928        289.69143908
    0.0147742009002       288.352253954        287.90668678       287.635366736       287.500412244       287.582342142       287.863904121       288.280183606        288.79326978       289.279029984       289.628126194
     0.014803183895       288.348406394       287.928308464       287.644475901       287.463380548       287.497523767       287.751603027       288.128755063       288.642118018       289.153086233       289.557726704
    0.0148320588462       288.346071783       287.947212688       287.649355457       287.435252681       287.428631435       287.643449811       287.989177427       288.508088003       289.037605715       289.480240877
    0.0148609462986       288.412682681       288.020279407       287.673274298       287.424036707       287.380354296       287.550600961       287.867284748       288.370189165       288.909297294        289.38543292
    0.0148899043722       288.494982185       288.097020167        287.75300676       287.460401664       287.374336899       287.488709081       287.770046271       288.242100104       288.779458899       289.278304503
    0.0149189105824        288.53673856       288.163130067       287.805789127       287.524405987       287.401630537       287.453187952       287.688696354       288.124190093       288.655702064       289.179391323
    0.0149479347585       288.616584362       288.272735456       287.899249605       287.592288644       287.417735615       287.433715468       287.627677191       288.023470433       288.539395619       289.072103427
    0.0149769877944       288.658964885        288.37384564       288.009687272       287.701671609       287.481674941       287.441290012       287.584739896       287.941128313       288.430159739       288.968261272
    0.0150060355053       288.738286594       288.478752511       288.148356697       287.824949458       287.565818588       287.479382179       287.568788594       287.869795255       288.332727747        288.87263571
    0.0150351345326       288.798122612       288.596182342       288.283666779       287.962021302       287.667731165         287.5350682       287.575417812       287.817816189       288.247978174       288.772354611
    0.0150642564912       288.893965176       288.715944217       288.438812701       288.093648545       287.773121003       287.616662925       287.602945153       287.790693746       288.169127799       288.667044937
    0.0150934062095       288.972662622       288.868733553       288.598695729       288.245842251       287.912504577       287.708042654       287.650697189       287.779608256       288.095976495       288.568152895
     0.015122582663       289.044104911       288.969316692       288.744989743       288.421632549       288.079138094       287.830894904       287.712103855        287.78206504       288.041939393       288.476675689
    0.0151517149112       289.102246249       289.100367564       288.902649354       288.597165844       288.252697742       287.961163384       287.792368257       287.805470477       288.000883818       288.386123658
    0.0151809199603       289.177153673       289.223031457       289.071293267       288.789476679       288.450333514        288.11475732       287.897528664        287.85087987       287.977458302       288.296978182
    0.0152102078151       289.187626851       289.318621055       289.218660819       288.960321713       288.629627336       288.279591521       288.007445643        287.90184947       287.971803564        288.22220999
    0.0152394895211       289.281206923       289.453220501       289.382329908        289.14607329        288.80755762       288.453952493       288.129881198        287.95945442       287.974438983       288.159870432
    0.0152686956196       289.356607354       289.506071613       289.525198351       289.327005853       288.994690595       288.635194965       288.269884337        288.03981478       288.001266275       288.112952614
    0.0152977678935       289.347558822       289.596673722       289.650560068        289.47172171       289.168073162       288.818665357       288.432652941       288.137211801       288.030899437       288.080189364
    0.0153269506134       289.399562417       289.698474103       289.759385737       289.650007823       289.361694786       288.988193083       288.594678216       288.248300522       288.064313019        288.06089326
    0.0153561778163       289.432643411       289.755873458       289.848084381       289.793856477       289.549253874       289.178269499       288.755870021        288.36315534       288.121849635        288.06149347
    0.0153854204075       289.383700114       289.748254071        289.92077937       289.939566198        289.71265961       289.350201264       288.919417558        288.50754199       288.182903767       288.063383356
    0.0154145950192       289.408572063       289.775384231       289.982556207       290.039756362        289.86431714       289.518566521       289.076191191        288.64576856       288.265995637       288.082537161
    0.0154437404297       289.376007404       289.790102898       290.045659605       290.128637293       289.986455304       289.674612343       289.232255334       288.777589438        288.35405995       288.117353514
    0.0154728581814       289.389700891       289.767572233       290.057628791        290.18558088       290.100677101       289.811420526       289.384074915       288.916782699        288.46368087       288.156723224
    0.0155019997935       289.341012177       289.744150955       290.038759792       290.212938154       290.175159442       289.925887248       289.537000435       289.054237339       288.575580002       288.211344319
    0.0155311503506       289.296300908       289.706412931       290.029918722       290.223772105        290.22837771       290.026733986       289.664334027        289.18578429       288.692615907       288.283106516
    0.0155603654576       289.262042278       289.635447072       289.980275179       290.210778555       290.275199971       290.123568532       289.780467245        289.31307596       288.812231849        288.36232827
    0.0155895252358       289.222799817       289.574040431       289.914657991       290.175113023       290.283126011       290.186933471         289.8830886       289.443828235       288.933671717        288.45037348
    0.0156185308086       289.129843441       289.473726277       289.839091303       290.125477489       290.255897902       290.221840715       289.967362893       289.550579214       289.041016073       288.549434627
    0.0156476972309       289.107353607       289.383143214       289.742290991         290.0474878        290.21405187       290.235666045       290.026163532       289.641043623       289.144818991       288.645155989
    0.0156768640737       289.078282854       289.310829813       289.640703899        289.95725868       290.156146865       290.221268203       290.065043572       289.724235157       289.246409254       288.745087058
    0.0157059750293       288.975431885       289.169557227       289.509553805       289.836275237       290.067148598       290.187294235       290.081266628       289.794773833       289.347125192       288.848102584
    0.0157350673059       288.885856468       289.086245793       289.373447171       289.708822161        289.95994216        290.11929092       290.076229861       289.849344704       289.441012007       288.952194206
    0.0157642274679       288.822191575       288.976588709       289.238922537       289.584896411       289.847513892       290.035705911        290.05101164        289.88454304       289.524175426       289.061410823
    0.0157933241197       288.737476158       288.855479822       289.086495014       289.400323222       289.717115489       289.943177875       290.006278405       289.897971007       289.595287492       289.164387995
    0.0158223883828       288.703116642        288.74112082       288.934374709       289.223214262       289.558128657       289.803846435        289.93639229       289.893904981       289.644372503       289.260071584
    0.0158514063354       288.645396461       288.626297509       288.809638793       289.062611461       289.402290028       289.654168064       289.845296305        289.86546216       289.677576953       289.348613625
    0.0158803352825       288.592391866       288.538370653        288.66060193       288.886215841       289.237757645       289.504374377       289.750051238       289.819898912       289.700478122       289.426935261
    0.0159093229803       288.541630987       288.442533349       288.516271783       288.715563611       289.044966179       289.335243263       289.631919012       289.767401204       289.718108006       289.493438822
    0.0159383157309       288.498204977       288.353696339       288.383001154       288.542426203       288.838854309       289.152909138       289.491219311       289.696121886       289.720615813        289.55241945
    0.0159673059987       288.462823399       288.234454743       288.233802625       288.406073538       288.661166908       288.992637864       289.338872336       289.605426094       289.706700169       289.603132356
    0.0159961271878       288.415052213       288.174546322        288.11162158       288.237759185       288.478347616       288.828279639       289.184813715       289.515989297       289.672896831       289.631674858
    0.0160249758142       288.395345204       288.121208829       288.019599604       288.109484444       288.320239978       288.645247572       289.013051808       289.398332931       289.619566831       289.648171603
    0.0160539199382       288.351099884       288.099550442       287.940064812        287.97487397       288.161933828        288.48018065       288.866220058       289.276870014       289.549773764       289.645724194
    0.0160828839461       288.359278884       288.059076907       287.872107235       287.870145793       288.020833742       288.308504276       288.708917671       289.147300379       289.481452677       289.633997836
    0.0161118447064       288.332899808       288.046998752       287.817681826       287.758218883        287.90203079       288.165554502       288.564631196       289.000101118       289.379774318       289.597866477
    0.0161408774812        288.39519078       288.030203288       287.784736904       287.689825449       287.791629432       288.039825241       288.435122995       288.873965974       289.281732259       289.546706252
     0.016169846804       288.428570978       288.052343794       287.773824188       287.650384436       287.707049447       287.921912229       288.305394876       288.754038567       289.185485732        289.50627844
    0.0161988632447       288.455237139       288.071497119        287.78037116       287.624402545       287.652281461       287.838436829       288.186660889       288.627326935       289.076186626       289.441569112
    0.0162279570253       288.470738623       288.116623196       287.807939668       287.607229607       287.599283288        287.75078757       288.077062924       288.515277176       288.960291106       289.352887863
    0.0162569464789       288.479993231       288.183697573       287.860741508       287.636727011       287.582448767       287.692144696       287.975563765       288.393487241       288.848275228       289.270538419
    0.0162860522721       288.561928643       288.267979364       287.927495784        287.67014154       287.578493962       287.656094578       287.889536141       288.278406363       288.739363076       289.186562961
     0.016315133849       288.598349612       288.311327363       287.978553296       287.710702448       287.596113561       287.619462566       287.812820102       288.173512003       288.633946102       289.097076787
    0.0163442348299       288.658752906       288.403522818       288.064659894       287.793549183       287.646704579       287.613831513       287.761644441       288.083966546       288.531070783       289.005500914
    0.0163733038856       288.738145362       288.487646246       288.176244439       287.881207914       287.697874662       287.631201371       287.733612131       288.017227486       288.440126396       288.919268721
    0.0164024098549       288.777878072       288.581291082       288.296431988       287.998047478       287.758417125       287.665947448       287.717798301        287.96006256       288.359845979       288.830915728
    0.0164314346835       288.772744948       288.668519255       288.413284654       288.116537136       287.852505655       287.741333041       287.730363303       287.916270245        288.28457314        288.73294346
    0.0164604898005       288.934768732       288.788608562       288.555206068       288.252987361       287.972030931       287.832656498       287.774371981       287.909321339       288.221600951       288.637673032
    0.0164896295289       288.942678855       288.893561316       288.713034807       288.413950908       288.114643716       287.927059357       287.826653382       287.910631068       288.173000023       288.559221622
     0.016518630542       289.043830635       289.004681175       288.836161957       288.570067375       288.266347619       288.036539492       287.887950077       287.918700271        288.12452509       288.472309209
    0.0165477662372         289.0745136       289.111159306       288.984839038       288.720117598       288.421093884       288.161124103       287.973556346       287.949686443       288.084523298       288.389278902
    0.0165769263824       289.185374416       289.225370894        289.12648052       288.869830255       288.578655289       288.300199086       288.080793457       287.989628624       288.068491762        288.32575979
    0.0166060376109         289.1961545       289.317222982       289.255647783       289.039015998       288.740151979       288.442080059       288.191026994       288.045364238       288.075842045       288.266094613
    0.0166352003951       289.200754289       289.370867103       289.385843639       289.198597248       288.910075414       288.596207503       288.310278986       288.116810931       288.095827252       288.215892011
    0.0166643467629       289.204535598       289.449353317       289.499317058       289.356282666       289.073016518       288.755748806       288.442669929       288.197391639       288.119933733       288.180528861
    0.0166935512062       289.270962485       289.542483573       289.594635539          289.480403       289.225264774       288.920498322       288.577420088       288.294089636       288.153409655       288.148558488
    0.0167227266093        289.32423606        289.59922279       289.687263557       289.623892989       289.392538104       289.068846707       288.707038274       288.404724854       288.204207824        288.14831358
    0.0167520156027       289.317811487       289.633707827       289.743687361       289.718136754        289.55261961       289.239707851       288.842580966       288.508029723       288.259108188       288.162077048
    0.0167810425753       289.349365814        289.66178346       289.810321269       289.835835874       289.683587517       289.372667552       288.977702212       288.630835103       288.321920725        288.15928493
     0.016810195246       289.320166468       289.637125263       289.859129823       289.921159007       289.805307291       289.521160155       289.117072879       288.741142085       288.395771011       288.180954895
    0.0168393853188       289.330963033       289.667373339       289.920297739       289.981929039       289.892804076       289.655802135       289.276363277         288.8550322       288.485054756       288.218960178
    0.0168685905622       289.306762411       289.650961717       289.922336746       290.042472422       289.972923686       289.769428641       289.396432444       288.960729183       288.588157696       288.265356407
    0.0168978282663       289.327727932       289.653615112       289.888712093       290.068875981       290.043021682       289.871496749       289.516222149       289.064355557       288.680020403       288.315337783
    0.0169270127654       289.281539485       289.574547682       289.846735826       290.084146656       290.088231241       289.941150571       289.629725373       289.181999986       288.785447892       288.382090375
     0.016955948732        289.20506407       289.514709046       289.795490978       290.054607423       290.124181688       289.999961807       289.719719569         289.3004285       288.887993808       288.461529135
    0.0169850151631       289.155349578       289.450861252       289.750827547       290.001699864       290.123584003       290.029447406       289.797434721        289.41284695       288.982014969       288.539044376
    0.0170141381308       289.067938086       289.383598556       289.685853758       289.942687597       290.112858973       290.051142499       289.854595552       289.509744989       289.068490528       288.621244448
    0.0170433024663       288.984583374        289.29766255       289.571900985       289.856681244       290.069033935       290.054611974       289.907856519       289.601028678       289.168677133       288.717768654
    0.0170724524225       289.049734666        289.22390096       289.463071077       289.761419929       289.989459634       290.033830207       289.929298637        289.66918916       289.264406396       288.817208255
    0.0171015540349       288.937055148       289.104656483       289.365985341       289.659134481       289.896629434       289.998079861        289.93560114        289.71675826       289.340844313       288.903014147
    0.0171306388835       288.859790806       288.963659673       289.245536855       289.537138223       289.785218407       289.942503154       289.926765156       289.750559305       289.411231545       288.992769251
    0.0171596431582       288.760377886       288.900145145       289.134437999        289.39650304       289.661859262       289.865331762       289.894525675       289.771031741       289.473380131        289.08441521
    0.0171886985732       288.772521995       288.791949283       288.986730357       289.268389536       289.527347412       289.750896146       289.845843777       289.779150701       289.524750617       289.162409362
    0.0172177767964       288.704726074         288.7024784       288.863689155       289.110086778       289.383018352       289.636268828       289.775453219       289.762346338       289.569763839       289.244915909
    0.0172468052956       288.686256694        288.59612364       288.727872757       288.953373746       289.233098746       289.494643478       289.691599205       289.730666472       289.599190804       289.324719375
    0.0172758451037       288.626203783       288.533534854       288.601948444       288.793372528       289.078677553       289.354065475       289.581312335       289.672877301       289.619434408       289.386104587
     0.017304863837       288.547198025       288.466996662       288.454491819       288.642767448       288.934206213       289.211371627       289.470045159       289.610695882       289.611177787       289.444614993
    0.0173339060729       288.437300044       288.338572009       288.336103515       288.486822867       288.756986072        289.05433271       289.354947061       289.538005294       289.603382645       289.491753393
    0.0173629065764       288.455976318       288.279414481       288.273933689        288.36136555       288.607858479       288.905817384       289.221281359       289.452631165       289.577397819       289.523323093
    0.0173918457777       288.473567765        288.23515011       288.190428183       288.244482307       288.459509646       288.762228057       289.094113381       289.361482591       289.532544404       289.537316197
    0.0174208993952       288.455537233        288.18672992       288.098447041        288.13586692       288.312876884        288.61373241       288.951420499       289.258402793       289.480092298       289.543808977
    0.0174499638361       288.435461741       288.153751689       288.022750132       288.042375083       288.186195447       288.470078589        288.80857688       289.155778768       289.422693602       289.536704541
    0.0174790450795       288.427076387       288.176222425       287.988553863       287.968741061       288.075228431       288.333443275       288.668970153        289.05197432       289.353338749       289.512860612
    0.0175081033993       288.454756407        288.15167024         287.9734996       287.884668342       287.971830156       288.202112073       288.538818359       288.942753881       289.274147003       289.482228929
    0.0175371807094       288.481589745       288.168617867       287.952134191         287.8310252       287.890390916       288.094285122       288.416700115       288.821913393       289.189279749       289.443247532
    0.0175662442892       288.479070309       288.146245752        287.91717487       287.798176591       287.825000267       288.007568828       288.300340525        288.70715207       289.102421321       289.391434856
    0.0175952835152       288.510337519       288.209818016       287.934572678       287.768069244        287.78401326       287.920111989       288.195639346       288.590160742       289.007741237       289.336923375
    0.0176243834388       288.528705858       288.261379978       287.953324438       287.761836857       287.756875719       287.853570371       288.105328559        288.47614042       288.912203277       289.272797716
    0.0176534720016       288.588821327       288.280230939       287.961551064       287.776203848       287.751255082       287.804050327       288.026096559       288.384237171        288.81675297       289.200617424
    0.0176825483964       288.589040041       288.338538747        288.04311008        287.84430631       287.757725115       287.773166435       287.961978182        288.29473035       288.715684293       289.128720302
    0.0177115645975         288.6426237       288.439852893       288.144771127        287.93396389       287.788059287       287.763419984       287.910973487       288.212587378       288.614261769       289.046929406
    0.0177405421561       288.723080598       288.498957834       288.209971967        288.00591159       287.828759124       287.776614676       287.880500087       288.143949736       288.523247183       288.957818529
    0.0177695744781       288.771483968       288.586947393       288.334958202        288.08742754       287.889337714       287.809182164       287.867820025       288.093074086       288.442672571       288.874783012
    0.0177986525061         288.8096383       288.675660033       288.439033933       288.174638663       287.974964812       287.855321605       287.869856817        288.04825369       288.369543474       288.784554317
    0.0178277203565       288.866017487       288.766394131       288.563436677       288.288149282        288.05388396       287.918403085        287.88878156       288.029096134       288.306199762       288.688134963
    0.0178568289556       288.931607795       288.843058222       288.657950186       288.421570829       288.165694904       288.001614294       287.930404163       288.026088416       288.253463966       288.607403005
    0.0178860068635        288.99554886       288.953747157       288.793561692       288.549388338       288.281931601       288.112230768       287.993191869       288.032374586       288.211750857       288.527760273
    0.0179152039124        289.02937553         289.0478127       288.920646961       288.690391467       288.412724328       288.212546182       288.059492953       288.050549312       288.185339582       288.459789021
    0.0179442641943       289.067351653       289.137945026       289.023708013       288.810999446        288.55901215       288.329855244       288.134439307       288.077746819       288.168760623       288.405914553
    0.0179733017669       289.162878586       289.242863068        289.14565847       288.949763082       288.701758933       288.442736463       288.223659934        288.11835286       288.158483454       288.345843269
    0.0180023851769       289.148595544       289.270426663       289.254400171        289.08658373       288.853840753       288.575276237       288.327675959       288.178607434        288.16741858       288.306325726
    0.0180315252106       289.220155171       289.320490186       289.331620274       289.218363462       288.997476703       288.705809351       288.450920135        288.25029204       288.192242956       288.288629365
    0.0180606588042       289.272552051       289.433814139       289.443661736       289.352360823       289.133766339       288.840672921       288.567123731       288.332112907       288.225320541       288.264969442
    0.0180898250084       289.268494213       289.473965964       289.567421115       289.492134628       289.271031199       288.986457598       288.686696353       288.424580602       288.256499251       288.251727362
    0.0181190514457       289.286487402        289.49105597       289.636032499       289.586467975       289.397617053       289.139635409       288.809976416       288.516644953       288.297308453       288.242092066
    0.0181482215933       289.259609569       289.531183724       289.691360929       289.672272414       289.509807795       289.274859949       288.929490363       288.618215462       288.353260094       288.242449127
    0.0181774278816       289.276344299       289.561170317       289.729151299       289.766893867       289.625663321       289.389815274       289.046098751       288.718028268       288.422724569         288.2629221
    0.0182066810647       289.275751608        289.55538712       289.766220606       289.831726657       289.725350427       289.490590962       289.161415697       288.816781722        288.50183659       288.290724063
    0.0182358437919       289.229475734       289.540082902       289.796574764       289.879388209       289.805786592       289.581389593       289.278050837       288.922100899       288.585347348       288.325212107
    0.0182650719236       289.190255207       289.524066912       289.792058945       289.912758042       289.876695533        289.68375195       289.392733429       289.026253578        288.66996626        288.36582608
    0.0182942975289       289.209928013       289.521612134       289.768819635       289.924514459       289.931649727       289.775616167       289.493298238       289.131794107       288.755233873       288.419526291
    0.0183235044275       289.192680871       289.471428852       289.722388987       289.909381333       289.952161145       289.844137695       289.574680811       289.230259098       288.842801855       288.486215598
    0.0183526117982       289.094773596       289.393775753       289.671817017       289.875103583       289.948215302       289.883270404       289.640048706       289.326532304       288.929427913       288.553242034
    0.0183817702634       289.119596591       289.342762117       289.620381168       289.826515288       289.938536116       289.907212959       289.696481932       289.402925383       289.007249516       288.626613929
    0.0184108439487       289.042498555       289.260560795       289.545227224       289.752528291          289.898333       289.908076721       289.752115887       289.473347929       289.087307541       288.697691936
    0.0184399394416       288.998167638       289.220253998       289.458097874       289.678414433       289.852901876       289.896958093       289.780923668       289.525091007       289.175314959       288.777971095
