0.0854602    -0.05344    0
0.0854196    -0.05346    0
0.0853773    -0.05348    0
0.0853318    -0.0535    0
0.0852809    -0.05352    0
0.0852224    -0.05354    0
0.0851554    -0.05355    0
0.0850792    -0.05356    0
0.0849931    -0.05356    0
0.0848969    -0.05356    0
0.0847904    -0.05354    0
0.0846746    -0.0535    0
0.0845515    -0.05344    0
0.0845515    -0.05344    0
0.0844252    -0.05336    0
0.0842487    -0.05316    0
0.0840741    -0.05283    0
0.0838125    -0.0523    0
0.0834802    -0.05166    0
0.0831061    -0.05091    0
0.0827182    -0.05013    0
0.0821934    -0.04906    0
0.0816459    -0.04793    0
0.0809644    -0.04652    0
0.0802864    -0.0451    0
0.0796096    -0.04369    0
0.0789316    -0.04228    0
0.0782504    -0.04087    0
0.077564    -0.03946    0
0.0768705    -0.03806    0
0.0761682    -0.03666    0
0.0754551    -0.03527    0
0.0747298    -0.03388    0
0.0739908    -0.0325    0
0.0732366    -0.03112    0
0.0724658    -0.02975    0
0.0716772    -0.02839    0
0.0708695    -0.02704    0
0.0700415    -0.0257    0
0.069192    -0.02437    0
0.0683199    -0.02304    0
0.0674242    -0.02173    0
0.0665037    -0.02043    0
0.0655574    -0.01915    0
0.0645841    -0.01787    0
0.0635827    -0.01661    0
0.062552    -0.01537    0
0.0614908    -0.01414    0
0.0603977    -0.01292    0
0.0592713    -0.01173    0
0.0581101    -0.01055    0
0.056899    -0.00938    0
0.055622    -0.00821    0
0.054268    -0.00704    0
0.0528394    -0.00588    0
0.051346    -0.00475    0
0.0498024    -0.00366    0
0.0482081    -0.00263    0
0.0465635    -0.00166    0
0.0448697    -0.00077    0
0.0431302    5.1e-05    0
0.0413516    0.000793    0
0.0395414    0.001464    0
0.0377064    0.002071    0
0.0358529    0.002623    0
0.0339805    0.003105    0
0.0320858    0.003481    0
0.0301747    0.003742    0
0.0282572    0.003906    0
0.02634    0.003986    0
0.0244282    0.003988    0
0.0225266    0.003913    0
0.0206399    0.003759    0
0.0187742    0.003519    0
0.0169364    0.003188    0
0.0151342    0.002763    0
0.0133746    0.002245    0
0.0116633    0.001642    0
0.0100041    0.000965    0
0.00847904    0.000264    0
0.00700577    -0.00048    0
0.00566045    -0.00121    0
0.00442127    -0.00194    0
0.00338869    -0.00257    0
0.00254085    -0.00307    0
0.0020191    -0.00335    0
0.00160935    -0.00352    0
0.00138546    -0.00359    0
0.0011928    -0.00362    0
0.00102829    -0.00364    0
0.000889268    -0.00365    0
0.000772165    -0.00365    0
0.000673778    -0.00364    0
0.000592275    -0.00363    0
0.000525681    -0.00361    0
0.000471768    -0.00358    0
0.000428196    -0.00356    0
0.000391424    -0.00354    0
0.000358356    -0.00351    0
0.000327443    -0.00349    0
0.000327443    -0.00349    0
0.000298442    -0.00346    0
0.000271576    -0.00343    0
0.000246645    -0.0034    0
0.000222931    -0.00337    0
0.000199286    -0.00334    0
0.000174768    -0.0033    0
0.000148662    -0.00325    0
0.000120559    -0.0032    0
9.05834e-05    -0.00312    0
5.96472e-05    -0.00303    0
3.0095e-05    -0.00291    0
6.89009e-06    -0.00275    0
5.8331e-07    -0.00252    0
4.91053e-05    -0.00215    0
0.000189804    -0.0017    0
0.000439938    -0.00113    0
0.000742903    -0.00057    0
0.0010683    -5.00000000001e-05    0
0.00137775    0.000405    0
0.00163656    0.000763    0
0.00189462    0.001104    0
0.00211981    0.001393    0
0.00236733    0.001702    0
0.00261587    0.002005    0
0.00286529    0.002304    0
0.0031157    0.0026    0
0.00336758    0.002894    0
0.00362164    0.003186    0
0.0038786    0.003477    0
0.00413923    0.003768    0
0.00440433    0.004058    0
0.00467481    0.004349    0
0.00495152    0.004642    0
0.0052345    0.004935    0
0.00552203    0.005227    0
0.00581578    0.005521    0
0.00611418    0.005814    0
0.00641947    0.006108    0
0.00673122    0.006404    0
0.00704892    0.006699    0
0.00737217    0.006994    0
0.00770066    0.007288    0
0.00803415    0.00758    0
0.00837248    0.007871    0
0.00871552    0.00816    0
0.00906325    0.008447    0
0.0094157    0.008732    0
0.00977298    0.009015    0
0.0101348    0.009295    0
0.0105192    0.009585    0
0.0109124    0.009876    0
0.01133    0.010176    0
0.0117545    0.010473    0
0.0121865    0.010767    0
0.0126261    0.011058    0
0.0130731    0.011345    0
0.0135275    0.011628    0
0.0139891    0.011906    0
0.014458    0.012179    0
0.0149341    0.012447    0
0.0154174    0.01271    0
0.0159078    0.012966    0
0.0164054    0.013217    0
0.0169101    0.01346    0
0.017422    0.013697    0
0.0179411    0.013927    0
0.0184674    0.01415    0
0.0190011    0.014364    0
0.019542    0.014571    0
0.0200904    0.014769    0
0.0206463    0.014959    0
0.0212098    0.01514    0
0.021781    0.015311    0
0.0223601    0.015474    0
0.0229471    0.015626    0
0.0235423    0.015768    0
0.0241652    0.015904    0
0.0248001    0.016029    0
0.0254626    0.016144    0
0.0261323    0.016246    0
0.0268094    0.016333    0
0.0274938    0.016406    0
0.0281853    0.016463    0
0.0288839    0.016505    0
0.0295897    0.016531    0
0.0303029    0.016541    0
0.031024    0.016533    0
0.0317534    0.016508    0
0.0324919    0.016464    0
0.0332403    0.016401    0
0.0339986    0.016318    0
0.0347661    0.016214    0
0.0355415    0.016089    0
0.0363228    0.015941    0
0.0371083    0.015772    0
0.0378965    0.01558    0
0.038686    0.015367    0
0.0394757    0.015132    0
0.0402643    0.014876    0
0.0410507    0.014598    0
0.0418338    0.014298    0
0.0426129    0.013977    0
0.0433869    0.013635    0
0.0441549    0.013273    0
0.0449318    0.012882    0
0.045704    0.012468    0
0.0464823    0.012026    0
0.04725    0.011563    0
0.0480059    0.011081    0
0.0487491    0.010582    0
0.0494787    0.010065    0
0.050194    0.009531    0
0.0508944    0.008984    0
0.0515793    0.008423    0
0.0522484    0.00785    0
0.0529012    0.007267    0
0.0535378    0.006675    0
0.0541578    0.006076    0
0.0547612    0.005473    0
0.0553478    0.004865    0
0.0559176    0.004256    0
0.0564704    0.003646    0
0.0570062    0.003039    0
0.0575247    0.002434    0
0.0580258    0.001835    0
0.0585093    0.001243    0
0.0589748    0.00066    0
0.0594219    8.69999999999e-05    0
0.0598502    -0.00047    0
0.0602592    -0.00102    0
0.060652    -0.00155    0
0.0610279    -0.00206    0
0.0614125    -0.0026    0
0.0618229    -0.00319    0
0.0622786    -0.00384    0
0.062787    -0.00459    0
0.0633381    -0.00542    0
0.0639231    -0.00632    0
0.0645349    -0.00728    0
0.0651672    -0.0083    0
0.0658147    -0.00936    0
0.0664728    -0.01047    0
0.0671377    -0.01161    0
0.0678058    -0.01278    0
0.0684745    -0.01398    0
0.0691411    -0.01519    0
0.0698034    -0.01643    0
0.0704594    -0.01767    0
0.0711072    -0.01892    0
0.0717454    -0.02018    0
0.0723722    -0.02143    0
0.0729859    -0.02268    0
0.073585    -0.02391    0
0.0741681    -0.02513    0
0.0747332    -0.02633    0
0.075279    -0.02751    0
0.0758053    -0.02865    0
0.0763129    -0.02977    0
0.0768039    -0.03086    0
0.0772803    -0.03193    0
0.0777438    -0.03298    0
0.0781959    -0.03401    0
0.078638    -0.03503    0
0.0790711    -0.03604    0
0.0794961    -0.03703    0
0.079914    -0.03801    0
0.0803255    -0.03899    0
0.0807311    -0.03995    0
0.0811314    -0.04091    0
0.0815269    -0.04186    0
0.081918    -0.0428    0
0.082305    -0.04374    0
0.0826881    -0.04467    0
0.0830678    -0.0456    0
0.083444    -0.04652    0
0.0838076    -0.04741    0
0.084169    -0.0483    0
0.0845192    -0.04916    0
0.0848619    -0.05    0
0.0851793    -0.05078    0
0.0854654    -0.05149    0
0.0856678    -0.05199    0
0.0858302    -0.05239    0
0.0858825    -0.05263    0
0.0858825    -0.05263    0
0.0858749    -0.05282    0
0.0858401    -0.05296    0
0.0857966    -0.05307    0
0.0857527    -0.05315    0
0.0857113    -0.05321    0
0.085673    -0.05326    0
0.0856375    -0.0533    0
0.0856036    -0.05333    0
0.0855701    -0.05336    0
0.0855355    -0.05339    0
0.0854989    -0.05341    0
0.0854602    -0.05344    0
