0.000000000000000000e+00 7.682999999999999552e-02 0.000000000000000000e+00
1.367251963389156690e-04 7.787082241673483340e-02 0.000000000000000000e+00
2.734503926778313380e-04 7.828918986006881686e-02 0.000000000000000000e+00
4.101755890167470340e-04 7.860137552022425367e-02 0.000000000000000000e+00
5.469007853556626759e-04 7.885704707911385392e-02 0.000000000000000000e+00
6.836259816945783720e-04 7.907559144316378408e-02 0.000000000000000000e+00
8.203511780334941765e-04 7.926701752961463898e-02 0.000000000000000000e+00
9.570763743724098726e-04 7.943730519714509164e-02 0.000000000000000000e+00
1.093801570711325569e-03 7.959036932018936916e-02 0.000000000000000000e+00
1.230526767050241265e-03 7.972893939536476737e-02 0.000000000000000000e+00
1.367251963389156961e-03 7.985500791627478390e-02 0.000000000000000000e+00
6.534055862914723602e-03 8.456090389884195202e-02 0.000000000000000000e+00
1.170085976244028894e-02 8.870700658002360350e-02 0.000000000000000000e+00
1.686766366196585515e-02 9.229279195837494787e-02 0.000000000000000000e+00
2.203446756149142136e-02 9.531196229824639987e-02 0.000000000000000000e+00
2.720127146101698756e-02 9.775821986398830488e-02 0.000000000000000000e+00
3.236807536054255724e-02 9.962526691995110539e-02 0.000000000000000000e+00
3.753487926006811998e-02 1.009068057304852162e-01 0.000000000000000000e+00
4.270168315959368965e-02 1.015965385599409965e-01 0.000000000000000000e+00
4.786848705911925239e-02 1.016881676726688749e-01 0.000000000000000000e+00
5.303529095864482207e-02 1.011753953330192801e-01 0.000000000000000000e+00
5.820209485817038481e-02 1.000519238053425158e-01 0.000000000000000000e+00
6.336889875769595448e-02 9.831145535398912172e-02 0.000000000000000000e+00
6.853570265722151722e-02 9.594769224330941537e-02 0.000000000000000000e+00
7.370250655674707996e-02 9.295433673765378380e-02 0.000000000000000000e+00
7.886931045627264270e-02 8.932509110137268338e-02 0.000000000000000000e+00
8.403611435579820543e-02 8.505365759881647336e-02 0.000000000000000000e+00
8.920291825532378205e-02 8.013373849433556850e-02 0.000000000000000000e+00
9.436972215484934479e-02 7.455903605228038356e-02 0.000000000000000000e+00
9.953652605437490752e-02 6.832325253700133327e-02 0.000000000000000000e+00
1.047033299539004703e-01 6.142009021284874914e-02 0.000000000000000000e+00
1.085513596681885046e-01 5.597743773465305855e-02 0.000000000000000000e+00
1.123993893824765389e-01 5.041095155587678456e-02 0.000000000000000000e+00
1.162474190967645732e-01 4.471451698427929278e-02 0.000000000000000000e+00
1.200954488110526075e-01 3.888172499290083045e-02 0.000000000000000000e+00
1.239434785253406279e-01 3.290556863739833859e-02 0.000000000000000000e+00
1.277915082396286761e-01 2.677836153960761953e-02 0.000000000000000000e+00
1.316395379539166965e-01 2.049164144619116182e-02 0.000000000000000000e+00
1.354875676682047170e-01 1.403605537466121218e-02 0.000000000000000000e+00
1.393355973824927374e-01 7.401221851965371877e-03 0.000000000000000000e+00
1.431836270967807578e-01 5.755643923021880022e-04 0.000000000000000000e+00
1.432550616821606781e-01 5.336271137371538693e-04 0.000000000000000000e+00
1.433981828500104083e-01 3.651486457542844986e-04 0.000000000000000000e+00
1.435180887435319463e-01 1.794304733550267062e-04 0.000000000000000000e+00
1.436127277396429813e-01 -2.034971404006291111e-05 0.000000000000000000e+00
1.436804805388811335e-01 -2.307736220351219595e-04 0.000000000000000000e+00
1.437201878720668347e-01 -4.482408392238260435e-04 0.000000000000000000e+00
1.437311703357203596e-01 -6.690304412267730370e-04 0.000000000000000000e+00
1.437132400168436019e-01 -8.893646567392501315e-04 0.000000000000000000e+00
1.436667037081638398e-01 -1.105473506245653083e-03 0.000000000000000000e+00
1.435923576588248318e-01 -1.313659307414235134e-03 0.000000000000000000e+00
1.434914739503434233e-01 -1.510359943466991995e-03 0.000000000000000000e+00
1.433657787309419729e-01 -1.692209811985343620e-03 0.000000000000000000e+00
1.432174226806737227e-01 -1.856097411300630618e-03 0.000000000000000000e+00
1.430489442126908761e-01 -1.999218579150342356e-03 0.000000000000000000e+00
1.428632260402916132e-01 -2.119124472671886014e-03 0.000000000000000000e+00
1.426634458528965310e-01 -2.213763468782913631e-03 0.000000000000000000e+00
1.424530219449014756e-01 -2.281516268021077914e-03 0.000000000000000000e+00
1.422355547277127652e-01 -2.321223601206789944e-03 0.000000000000000000e+00
1.420147651257098187e-01 -2.332206064860290178e-03 0.000000000000000000e+00
1.417944309101973333e-01 -2.314275745983551593e-03 0.000000000000000000e+00
1.415783220606909587e-01 -2.267739437303780380e-03 0.000000000000000000e+00
1.413701362595223554e-01 -2.193393387964787545e-03 0.000000000000000000e+00
1.411734356234695953e-01 -2.092509679483384264e-03 0.000000000000000000e+00
1.409915857549512430e-01 -1.966814460081934678e-03 0.000000000000000000e+00
1.408276981556359775e-01 -1.818458409813696009e-03 0.000000000000000000e+00
1.408276981556359775e-01 -1.818458409813696009e-03 0.000000000000000000e+00
1.409915857549512430e-01 -1.966814460081934678e-03 0.000000000000000000e+00
1.411734356234695953e-01 -2.092509679483384264e-03 0.000000000000000000e+00
1.413701362595223554e-01 -2.193393387964787545e-03 0.000000000000000000e+00
1.415783220606909587e-01 -2.267739437303780380e-03 0.000000000000000000e+00
1.417944309101973333e-01 -2.314275745983551593e-03 0.000000000000000000e+00
1.420147651257098187e-01 -2.332206064860290178e-03 0.000000000000000000e+00
1.422355547277127652e-01 -2.321223601206789944e-03 0.000000000000000000e+00
1.424530219449014756e-01 -2.281516268021077914e-03 0.000000000000000000e+00
1.426634458528965310e-01 -2.213763468782913631e-03 0.000000000000000000e+00
1.428632260402916132e-01 -2.119124472671886014e-03 0.000000000000000000e+00
1.430489442126908761e-01 -1.999218579150342356e-03 0.000000000000000000e+00
1.432174226806737227e-01 -1.856097411300630618e-03 0.000000000000000000e+00
1.433657787309419729e-01 -1.692209811985343620e-03 0.000000000000000000e+00
1.434914739503434233e-01 -1.510359943466991995e-03 0.000000000000000000e+00
1.435923576588248318e-01 -1.313659307414235134e-03 0.000000000000000000e+00
1.436667037081638398e-01 -1.105473506245653083e-03 0.000000000000000000e+00
1.437132400168436019e-01 -8.893646567392501315e-04 0.000000000000000000e+00
1.437311703357203596e-01 -6.690304412267730370e-04 0.000000000000000000e+00
1.437201878720668347e-01 -4.482408392238260435e-04 0.000000000000000000e+00
1.436804805388811335e-01 -2.307736220351219595e-04 0.000000000000000000e+00
1.436127277396429813e-01 -2.034971404006291111e-05 0.000000000000000000e+00
1.435180887435319463e-01 1.794304733550267062e-04 0.000000000000000000e+00
1.433981828500104083e-01 3.651486457542844986e-04 0.000000000000000000e+00
1.432550616821606781e-01 5.336271137371538693e-04 0.000000000000000000e+00
1.408991327410159256e-01 -1.860395688378729817e-03 0.000000000000000000e+00
1.364171851948917102e-01 3.654505667855354085e-03 0.000000000000000000e+00
1.319352376487674672e-01 9.061029496036524314e-03 0.000000000000000000e+00
1.274532901026432519e-01 1.434860320469907163e-02 0.000000000000000000e+00
1.229713425565190088e-01 1.950665420237743253e-02 0.000000000000000000e+00
1.184893950103947657e-01 2.452460989760590904e-02 0.000000000000000000e+00
1.140074474642705366e-01 2.939189769891890208e-02 0.000000000000000000e+00
1.095254999181462935e-01 3.409794501485069462e-02 0.000000000000000000e+00
1.050435523720220504e-01 3.863217925393562513e-02 0.000000000000000000e+00
1.005616048258978074e-01 4.298402782470817779e-02 0.000000000000000000e+00
9.607965727977357817e-02 4.714291813570260781e-02 0.000000000000000000e+00
9.159770973364933511e-02 5.109827759545327447e-02 0.000000000000000000e+00
8.711576218752509204e-02 5.483953361249456482e-02 0.000000000000000000e+00
8.263381464140084898e-02 5.835611359536080345e-02 0.000000000000000000e+00
7.815186709527660591e-02 6.163744495258639128e-02 0.000000000000000000e+00
7.366991954915237673e-02 6.467295509270561127e-02 0.000000000000000000e+00
6.918797200302813366e-02 6.745207142425288516e-02 0.000000000000000000e+00
6.470602445690390447e-02 6.996422135576253754e-02 0.000000000000000000e+00
6.022407691077966835e-02 7.219883229576894157e-02 0.000000000000000000e+00
5.574212936465543222e-02 7.414533165280640103e-02 0.000000000000000000e+00
5.126018181853120304e-02 7.579314683540934461e-02 0.000000000000000000e+00
4.677823427240696691e-02 7.713170525211206219e-02 0.000000000000000000e+00
4.229628672628273772e-02 7.815043431144896857e-02 0.000000000000000000e+00
3.781433918015850160e-02 7.883876142195435366e-02 0.000000000000000000e+00
3.333239163403427241e-02 7.918611399216263225e-02 0.000000000000000000e+00
2.885044408791003975e-02 7.918191943060812199e-02 0.000000000000000000e+00
2.436849654178580710e-02 7.881560514582520993e-02 0.000000000000000000e+00
1.988654899566157444e-02 7.807659854634821373e-02 0.000000000000000000e+00
1.540460144953733831e-02 7.695432704071150654e-02 0.000000000000000000e+00
1.092265390341310392e-02 7.543821803744943377e-02 0.000000000000000000e+00
6.440706357288870400e-03 7.360054263707863087e-02 0.000000000000000000e+00
5.796635721559983273e-03 7.320785999341436479e-02 0.000000000000000000e+00
5.152565085831096146e-03 7.295950292235311996e-02 0.000000000000000000e+00
4.508494450102209020e-03 7.282850739583072996e-02 0.000000000000000000e+00
3.864423814373321893e-03 7.280340286013695095e-02 0.000000000000000000e+00
3.220353178644434766e-03 7.288216869348894400e-02 0.000000000000000000e+00
2.576282542915547639e-03 7.307132928351418866e-02 0.000000000000000000e+00
1.932211907186660730e-03 7.338904299392588759e-02 0.000000000000000000e+00
1.288141271457773820e-03 7.387650872479419040e-02 0.000000000000000000e+00
6.440706357288869099e-04 7.464450638523774384e-02 0.000000000000000000e+00
0.000000000000000000e+00 7.682999999999999552e-02 0.000000000000000000e+00
